-,-,-
1, -390, 113
87, -406, 69
-41, -327, 79
-41, -327, 79
-44, -272, -2
-32, -248, 0
-10, -299, -11
-20, -395, -4
-6, -457, 188
-6, -457, 188
20, -470, 632
77, -576, 1029
1, -729, 1183
-105, -871, 1495
-184, -1085, 1744
-289, -1436, 1903
-410, -1611, 1998
-360, -1590, 1997
-299, -1449, 1954
-251, -1171, 1725
-180, -900, 1580
-129, -711, 1503
-132, -520, 1417
-130, -358, 1317
-91, -235, 1107
5, 1, 910
-,-,-
219, -341, -231
202, -520, -336
120, -610, -118
46, -708, 61
46, -708, 61
-75, -740, 55
-181, -726, -12
-252, -707, -24
-273, -608, 320
-276, -404, 854
-253, -228, 1152
-199, -109, 1372
-229, -192, 1700
-291, -444, 1913
-354, -771, 1994
-432, -1093, 1998
-545, -1416, 1998
-560, -1678, 1998
-598, -1939, 1998
-607, -1835, 1998
-540, -1351, 1829
-433, -838, 1378
-290, -456, 982
-224, -111, 948
-125, 87, 992
-62, 278, 805
-62, 278, 805
57, 246, 506
121, 267, 236
215, 336, 211
280, 347, 199
280, 347, 199
-,-,-
15, -626, -217
12, -773, -269
-80, -735, 15
-80, -735, 229
-103, -662, 229
-71, -594, 357
-60, -546, 705
-158, -533, 1297
-323, -608, 1711
-364, -695, 1729
-295, -649, 1776
-233, -575, 1859
-188, -518, 1841
-144, -514, 1697
-84, -664, 1539
-141, -1062, 1496
-312, -1757, 1533
-413, -1998, 1525
-366, -1750, 1545
-284, -1086, 1402
-244, -695, 1171
-215, -740, 1103
-71, -419, 1034
74, 151, 934
159, 431, 834
266, 563, 763
266, 563, 763
386, 495, 570
456, 345, 304
494, 226, 54
-,-,-
195, -483, -118
165, -353, -83
16, -500, -128
-166, -824, 256
-213, -1019, 772
-215, -991, 1005
-211, -757, 942
-191, -564, 1060
-156, -429, 1196
-155, -372, 1547
-200, -603, 1601
-225, -848, 1638
-257, -1026, 1870
-314, -1119, 1745
-394, -1389, 1681
-485, -1928, 1701
-461, -1998, 1469
-391, -1720, 1263
-325, -1101, 1121
-172, -676, 986
-20, -421, 945
64, -224, 773
129, 27, 688
129, 27, 688
195, 292, 790
274, 518, 782
320, 493, 622
345, 253, 356
345, 253, 356
-,-,-
219, -427, 26
151, -503, -295
-37, -519, -386
-86, -418, -138
-86, -418, -138
41, -335, 178
80, -388, 478
-16, -536, 711
-181, -641, 1161
-313, -729, 1615
-402, -862, 1674
-467, -1005, 1902
-493, -1180, 1998
-508, -1497, 1998
-515, -1963, 1981
-468, -1998, 1635
-335, -1949, 1176
-205, -1395, 884
-110, -859, 762
-18, -706, 760
35, -702, 703
76, -376, 661
76, -376, 661
81, 116, 829
124, 413, 928
206, 453, 785
274, 323, 567
310, 138, 392
310, 138, 392
-,-,-
223, -378, -171
254, -409, -212
108, -585, -207
-20, -636, -141
-47, -709, -5
-50, -758, -7
-113, -795, 58
-113, -795, 58
-202, -739, 393
-278, -596, 1054
-317, -500, 1449
-407, -616, 1438
-545, -1146, 1582
-670, -1893, 1638
-766, -1998, 1520
-801, -1998, 1498
-658, -1831, 1495
-531, -1515, 1380
-448, -1569, 1218
-396, -1301, 1053
-344, -384, 974
-98, 168, 982
73, 310, 961
183, 273, 680
301, 208, 354
394, 183, 256
394, 183, 256
429, 118, 290
443, 47, 300
-,-,-
0, -537, -209
-19, -507, -212
-171, -585, -45
-171, -585, -45
-310, -838, 60
-402, -1547, 430
-402, -1605, 813
-463, -1254, 826
-535, -1043, 465
-713, -1270, 347
-768, -1883, 811
-823, -1998, 1153
-846, -1982, 962
-887, -1878, 861
-913, -1873, 694
-875, -1731, 892
-756, -1190, 1288
-551, -386, 1621
-243, 149, 1341
131, 288, 669
473, 340, 130
681, 280, -4
681, 280, -4
778, 170, 85
764, -21, 186
717, -184, 128
-,-,-
-256, -843, 152
-272, -1112, 394
-461, -1016, 544
-524, -1290, 540
-608, -1379, 763
-706, -1311, 882
-775, -1137, 701
-813, -1010, 657
-890, -1578, 1096
-937, -1998, 1434
-1044, -1998, 1090
-1105, -1998, 731
-1021, -1953, 632
-992, -1764, 1103
-1142, -1776, 1313
-1102, -1122, 836
-754, -207, 411
-223, 405, 379
261, 785, 608
593, 764, 589
702, 616, 341
698, 293, 67
698, 293, 67
705, 8, 28
754, -96, 44
817, 16, 145
817, 16, 145
-,-,-
609, -36, -389
609, -36, -389
534, -47, -314
354, -90, -318
187, -48, -322
-31, -74, -349
-266, -195, -296
-545, -673, 106
-744, -1460, 674
-697, -1737, 1001
-669, -1485, 1019
-656, -1059, 804
-673, -827, 499
-748, -890, 477
-883, -1438, 1125
-946, -1877, 1323
-1022, -1998, 1167
-1056, -1998, 867
-1000, -1837, 791
-904, -1483, 1051
-762, -1409, 1519
-671, -978, 1396
-440, -452, 863
-87, -154, 557
179, 182, 533
357, 332, 532
357, 332, 532
437, 285, 474
456, 138, 453
457, 138, 395
505, 118, 225
505, 118, 225
-,-,-
444, -223, -300
409, -216, -666
243, -223, -716
65, -293, -654
-112, -475, -554
-235, -618, -291
-271, -604, 55
-218, -537, 192
-231, -538, 286
-323, -691, 450
-386, -990, 823
-473, -1148, 1003
-578, -1364, 1121
-689, -1735, 1427
-795, -1987, 1502
-833, -1998, 1433
-878, -1998, 1565
-851, -1998, 1260
-775, -1871, 763
-558, -1408, 586
-312, -859, 856
-70, -276, 974
145, -64, 799
145, -64, 799
272, -5, 474
368, 58, 314
407, 134, 426
433, 241, 430
433, 241, 430
474, 252, 293
518, 236, 201
575, 206, 180
-,-,-
187, -293, -417
150, -342, -474
6, -549, -583
-139, -593, -292
-194, -656, -147
-234, -694, -9
-246, -778, 445
-267, -859, 726
-300, -839, 798
-300, -839, 798
-369, -857, 942
-445, -954, 987
-579, -1285, 1257
-746, -1807, 1486
-838, -1998, 1336
-794, -1948, 804
-847, -1998, 504
-1070, -1998, 1231
-1320, -1956, 1792
-420, -200, 649
-420, -200, 649
-69, -191, 605
120, 132, 872
305, 628, 1052
389, 709, 816
410, 372, 472
461, 219, 250
461, 219, 250
542, 258, 116
576, 295, 33
-,-,-
337, -358, -425
436, -340, -404
320, -519, -519
195, -566, -558
96, -725, -396
-16, -863, -89
-58, -947, 233
-116, -1151, 719
-176, -1233, 817
-231, -1329, 607
-250, -1625, 634
-232, -1620, 614
-232, -1620, 614
-270, -1510, 592
-350, -1384, 404
-407, -1448, 270
-476, -1844, 722
-664, -1998, 950
-750, -1998, 470
-811, -1992, 442
-787, -1958, 1181
-740, -1305, 1470
-667, -362, 1050
-250, 102, 612
126, 219, 501
301, 270, 526
414, 406, 542
503, 329, 474
525, 150, 411
525, 150, 411
534, -92, 324
-,-,-
408, -238, -374
387, -50, -549
305, -39, -679
218, -330, -532
80, -647, -328
-11, -824, -161
-140, -858, 32
-232, -927, 372
-232, -927, 372
-360, -1148, 828
-440, -1278, 1204
-551, -1378, 1385
-586, -1566, 1406
-552, -1446, 1349
-290, -1179, 1163
-280, -1297, 1186
-444, -1817, 1340
-835, -1998, 1739
-1221, -1982, 1392
-697, -926, 1006
-264, -1, 672
-49, 10, 594
-49, 10, 594
92, -241, 582
177, 60, 533
244, 585, 637
388, 653, 618
388, 653, 618
488, 601, 409
582, 540, 242
676, 444, 111
739, 309, 59
-,-,-
432, -189, -311
375, -161, -433
271, -457, -213
62, -721, 124
62, -721, 124
-40, -893, 384
-67, -1010, 412
-96, -1041, 295
-194, -984, 394
-282, -1104, 822
-248, -1406, 1227
-164, -1264, 1341
-166, -1103, 1331
-158, -1169, 1029
-150, -1386, 786
-117, -1560, 1005
-229, -1831, 1528
-504, -1998, 1884
-592, -1963, 1565
-346, -1526, 942
-191, -1064, 885
-118, -658, 922
25, -202, 866
172, -300, 442
211, -56, 398
340, 325, 491
340, 325, 491
426, 495, 440
456, 470, 309
450, 314, 191
473, 245, 188
-,-,-
647, -135, -423
538, -87, -485
465, -114, -710
114, -300, -880
-219, -497, -642
-380, -727, -323
-381, -792, 313
-317, -844, 1088
-302, -865, 1374
-343, -659, 1121
-380, -454, 973
-385, -371, 1258
-379, -350, 1537
-374, -355, 1642
-399, -386, 1514
-404, -504, 1488
-479, -855, 1421
-795, -1778, 1759
-1133, -1998, 1998
-1300, -1984, 1998
-1118, -1308, 1846
-855, -828, 1479
-820, -469, 1336
-547, 242, 1074
-102, 650, 600
256, 757, 74
463, 781, -91
463, 781, -91
544, 645, -35
565, 484, 46
563, 431, 274
-,-,-
417, -592, -231
397, -289, -229
309, -375, -116
223, -683, -210
195, -705, -400
165, -561, -370
95, -442, -204
22, -396, 276
22, -396, 276
-94, -498, 588
-148, -895, 1145
-243, -1015, 1545
-292, -933, 1338
-304, -869, 1147
-312, -960, 1207
-372, -1220, 1452
-383, -1282, 1599
-463, -1578, 1614
-785, -1998, 1606
-1098, -1998, 1385
-1339, -1413, 1101
-769, 102, 1258
-351, 261, 1254
-62, 48, 1174
126, -32, 867
271, 142, 394
450, 212, 203
542, 231, 119
542, 231, 119
636, 243, 36
670, 178, 27
711, 289, 97
-,-,-
396, -481, 144
410, -546, -25
204, -598, 132
51, -797, 152
-62, -851, -30
-62, -851, -30
-160, -756, -121
-183, -637, 205
-120, -503, 742
-47, -412, 1044
-50, -334, 1246
-113, -395, 1314
-186, -500, 1295
-249, -565, 1197
-279, -649, 1209
-306, -885, 1205
-338, -1129, 1165
-408, -1494, 1408
-551, -1778, 1638
-693, -1963, 1631
-772, -1984, 1667
-688, -1579, 1436
-563, -997, 1210
-333, -387, 1118
-63, 58, 788
102, -4, 355
160, 12, 244
160, 12, 244
237, 247, 419
297, 412, 584
-,-,-
454, -237, -89
411, -332, -229
239, -388, -332
68, -399, -481
-77, -621, -453
-156, -700, 36
-176, -759, 457
-180, -815, 677
-223, -684, 1032
-297, -533, 1130
-374, -518, 1158
-450, -472, 1490
-482, -443, 1880
-475, -486, 1791
-395, -495, 1395
-395, -495, 1395
-311, -525, 1171
-320, -606, 1320
-465, -857, 1403
-710, -1567, 1646
-960, -1998, 1902
-1061, -1998, 1861
-793, -455, 1088
-488, -255, 689
-488, -255, 689
-235, 6, 601
-79, 272, 547
102, 421, 436
282, 516, 407
422, 529, 383
-,-,-
625, -181, 30
594, -215, -122
481, -301, -397
295, -424, -563
101, -457, -655
-122, -409, -652
-291, -461, -438
-324, -605, 315
-225, -568, 1088
-260, -313, 1293
-439, -363, 1077
-675, -834, 1262
-754, -1166, 1507
-824, -1274, 1364
-886, -1510, 1141
-970, -1925, 1135
-1064, -1998, 1329
-969, -1594, 1183
-744, -1229, 1053
-726, -1575, 1361
-776, -1667, 1240
-766, -566, 778
-182, 353, 495
253, 292, 262
442, 142, 426
442, 142, 426
410, -71, 604
327, -168, 577
334, -130, 667
368, 3, 739
432, 128, 575
-,-,-
426, -378, -218
464, -172, -206
364, -10, -266
254, -74, -226
144, -56, -300
-76, -200, -283
-319, -596, -127
-586, -1246, 594
-668, -1672, 1099
-668, -1468, 1374
-645, -1065, 1615
-560, -816, 1632
-482, -657, 1398
-447, -706, 1349
-463, -1028, 1366
-622, -1802, 1409
-797, -1998, 1242
-938, -1998, 935
-912, -1755, 883
-891, -1250, 935
-781, -819, 930
-574, -16, 1052
-109, 635, 1118
195, 712, 938
195, 712, 938
356, 492, 686
476, 418, 524
535, 322, 384
569, 194, 249
569, 194, 249
-,-,-
458, 146, -446
293, 39, -524
16, -294, -711
-235, -572, -920
-462, -558, -589
-580, -821, 157
-631, -922, 752
-751, -931, 973
-748, -1285, 1443
-726, -1544, 1962
-719, -1292, 1313
-671, -910, 549
-562, -968, 425
-570, -1283, 817
-565, -1301, 932
-577, -1195, 1006
-698, -1731, 1273
-902, -1998, 1045
-941, -1994, 483
-917, -1748, 630
-1106, -1944, 1301
-1329, -1345, 888
-1074, -242, 406
-493, 506, 479
43, 736, 518
43, 736, 518
321, 823, 788
454, 767, 781
496, 436, 446
-,-,-
673, 104, -38
821, 148, -242
588, 317, -307
264, 363, -416
-183, -74, -544
-183, -74, -544
-560, -487, -398
-763, -1122, 289
-790, -1758, 767
-714, -1782, 994
-715, -1806, 1319
-661, -1653, 1132
-586, -1300, 761
-506, -1058, 633
-437, -1044, 595
-428, -1275, 751
-492, -1646, 814
-624, -1988, 643
-764, -1998, 405
-892, -1884, 372
-921, -1571, 551
-1018, -1132, 610
-745, -277, 688
-334, 401, 883
27, 683, 1037
229, 714, 1060
358, 621, 1091
452, 509, 1032
491, 311, 808
491, 311, 808
-,-,-
227, -571, -287
140, -828, -169
-37, -831, -174
-178, -652, -261
-315, -769, -203
-439, -959, 541
-476, -956, 1277
-443, -663, 1594
-396, -398, 1779
-357, -282, 1580
-357, -282, 1049
-342, -246, 1049
-308, -602, 957
-371, -960, 1396
-442, -945, 1458
-451, -846, 1348
-508, -856, 1268
-641, -1210, 1315
-813, -1839, 1388
-915, -1998, 1451
-1075, -1996, 1525
-817, 35, 377
-817, 35, 377
-328, 187, 210
-36, 425, 440
200, 768, 773
352, 781, 807
352, 781, 807
405, 611, 675
458, 509, 696
497, 418, 604
-,-,-
58, -648, -542
-84, -564, -615
-280, -416, -436
-423, -551, 90
-479, -941, 1001
-424, -1263, 1659
-416, -1072, 1840
-418, -636, 1402
-347, -333, 804
-205, -385, 850
-174, -330, 1159
-184, -276, 1211
-248, -372, 1171
-409, -713, 1362
-575, -1146, 1385
-773, -1703, 1385
-1028, -1998, 1497
-1006, -1918, 1390
-992, -1735, 1558
-1172, -1410, 1592
-1104, -729, 913
-789, -131, 704
-509, 590, 1088
-21, 1105, 994
358, 1043, 458
502, 791, 117
502, 791, 117
535, 348, 46
553, 66, 246
-,-,-
507, -147, -169
624, -92, -243
448, -116, -424
273, -236, -674
34, -244, -702
-268, -306, -472
-509, -1057, 119
-603, -1612, 896
-605, -1274, 1464
-537, -869, 1765
-473, -649, 1460
-375, -648, 943
-375, -648, 943
-379, -730, 890
-355, -770, 790
-321, -842, 885
-325, -852, 960
-361, -866, 1028
-428, -923, 1164
-470, -1009, 1029
-625, -1590, 1183
-939, -1998, 1412
-1098, -1998, 808
-1196, -1757, 932
-1279, -1072, 1271
-1103, -317, 632
-750, 214, 518
-354, 322, 603
-29, 453, 624
160, 697, 832
-,-,-
264, -1510, 476
293, -1110, 411
329, -1057, 298
306, -1126, 499
306, -1126, 499
295, -732, 508
343, -546, 371
245, -545, 150
189, -351, -60
182, -101, -239
146, 44, -196
-74, -54, 89
-74, -54, 89
-360, -323, 848
-575, -652, 1490
-665, -1341, 1976
-632, -1695, 1998
-646, -1155, 1406
-497, -813, 867
-463, -923, 1107
-524, -1552, 1392
-691, -1997, 1482
-917, -1998, 1191
-959, -1821, 327
-806, -1217, 534
-619, -641, 780
-496, -166, 764
-194, 261, 766
81, 590, 725
-,-,-
446, -167, -365
416, -317, -576
227, -563, -651
-60, -339, -593
-274, -133, -358
-533, -615, -193
-646, -1383, 260
-677, -1383, 1059
-587, -1045, 1529
-519, -797, 1933
-505, -509, 1759
-487, -483, 1232
-430, -721, 1320
-418, -863, 1219
-438, -976, 880
-424, -1065, 754
-498, -1331, 851
-725, -1926, 1297
-1064, -1998, 1304
-1192, -1974, 544
-1281, -1162, 851
-1046, -512, 517
-876, -420, 722
-495, 234, 1266
-106, 749, 1373
185, 824, 1090
-,-,-
124, -310, -689
-95, -659, -830
-322, -639, -532
-469, -767, -8
-578, -1430, 661
-479, -1430, 1279
-408, -989, 1528
-377, -624, 1209
-314, -400, 1048
-230, -342, 1049
-258, -381, 1098
-336, -558, 1097
-461, -950, 1231
-563, -1291, 1337
-661, -1444, 1060
-757, -1730, 930
-863, -1994, 921
-1004, -1998, 863
-1181, -1998, 627
-1304, -1627, 865
-1351, -715, 1016
-1006, -34, 976
-389, 648, 1050
89, 1007, 1114
357, 949, 925
357, 949, 925
415, 783, 699
-,-,-
356, 52, -676
356, 52, -676
133, -475, -839
-168, -699, -771
-394, -965, -677
-448, -1281, -427
-432, -1353, 269
-438, -1308, 1148
-407, -936, 1609
-311, -573, 1514
-209, -342, 1291
-168, -249, 1071
-235, -374, 1034
-330, -693, 1429
-402, -864, 1649
-376, -835, 1306
-347, -759, 976
-399, -1022, 1010
-570, -1625, 1321
-850, -1997, 1471
-963, -1998, 1219
-938, -1868, 924
-957, -1419, 946
-919, -514, 698
-758, 225, 704
-409, 372, 634
-101, 525, 544
-,-,-
329, -929, -71
369, -914, 101
274, -667, 232
214, -542, 152
152, -474, -277
152, -474, -277
6, -535, -671
-107, -651, -785
-153, -593, -348
-81, -655, 459
-113, -445, 676
-322, -404, 612
-468, -899, 1157
-575, -1175, 1708
-626, -1041, 1177
-621, -916, 850
-619, -1056, 932
-665, -1482, 1331
-740, -1659, 1534
-862, -1926, 1429
-948, -1998, 1148
-1086, -1998, 1003
-1150, -1728, 798
-786, -500, 157
-221, -96, 58
-71, -297, 661
25, -119, 998
129, 207, 1147
129, 207, 1147
214, 387, 883
-,-,-
418, -236, -45
418, -236, -45
442, -103, -337
307, -153, -657
149, -180, -926
-57, -205, -901
-220, -181, -695
-313, -319, -25
-423, -596, 885
-538, -1073, 1325
-681, -1373, 1744
-822, -1081, 1876
-694, -786, 1468
-461, -709, 1553
-348, -713, 1848
-478, -1060, 1791
-714, -1666, 1540
-898, -1998, 1461
-939, -1994, 1288
-858, -1541, 1141
-818, -719, 1379
-841, 65, 1273
-523, 341, 894
-120, 639, 658
186, 759, 438
362, 649, 299
-,-,-
317, -382, -193
238, -405, -394
144, -564, -341
-1, -536, -336
-89, -636, -174
-172, -842, 232
-257, -913, 741
-345, -749, 957
-436, -669, 950
-556, -785, 1752
-639, -945, 1986
-749, -1224, 1688
-833, -1796, 1575
-914, -1998, 1834
-1026, -1991, 1998
-1019, -1768, 1913
-965, -1368, 1358
-694, -786, 593
-449, -127, 430
-134, 721, 572
233, 991, 564
233, 991, 564
408, 924, 339
449, 639, 119
492, 328, 85
519, 326, 303
-,-,-
323, -243, -661
251, -306, -689
97, -399, -694
-63, -342, -640
-163, -173, -406
-258, -249, -20
-404, -515, 578
-482, -521, 1356
-433, -589, 1803
-457, -605, 1427
-583, -688, 1566
-700, -963, 1898
-939, -1568, 1995
-1149, -1998, 1998
-1044, -1658, 1930
-809, -1000, 1880
-646, -716, 1838
-551, -753, 1201
-399, -513, 744
-199, 16, 707
79, 350, 712
79, 350, 712
278, 530, 629
-,-,-
455, -207, -117
421, -465, -359
179, -226, -554
31, -290, -691
31, -290, -691
-101, -469, -459
-166, -567, 395
-208, -570, 950
-198, -476, 1047
-124, -514, 1369
-131, -672, 1264
-351, -726, 1240
-449, -822, 1331
-674, -1593, 1839
-998, -1998, 1998
-1112, -1998, 1998
-1107, -1638, 1998
-606, -605, 1443
-309, -157, 1088
-26, 149, 824
215, 343, 649
406, 400, 522
482, 384, 240
508, 141, 10
508, 141, 10
551, 41, 82
608, 97, 210
-,-,-
511, -251, -323
455, -314, -323
283, -371, -384
140, -472, -461
-37, -588, -480
-182, -696, -292
-204, -790, 210
-187, -659, 458
-81, -418, 785
-93, -294, 1138
-214, -424, 1542
-426, -622, 1637
-426, -622, 1637
-584, -891, 1740
-787, -1678, 1968
-949, -1998, 1988
-973, -1953, 1998
-748, -1138, 1673
-380, -530, 1182
-234, -620, 959
-231, -287, 783
-231, -287, 783
-110, 323, 905
183, 584, 734
235, 584, 418
277, 536, 268
331, 550, 156
-,-,-
452, -632, -499
200, -709, -359
75, -578, -306
-37, -429, -265
-83, -490, -175
-118, -645, 150
-178, -897, 431
-305, -815, 605
-330, -474, 770
-288, -264, 1186
-295, -293, 1757
-495, -686, 1998
-693, -1334, 1998
-837, -1796, 1991
-710, -1809, 1561
-569, -1680, 1419
-572, -1689, 1754
-539, -1374, 1505
-613, -916, 1214
-527, -637, 931
-317, 18, 942
0, 599, 1011
0, 599, 1011
266, 660, 565
392, 612, 225
481, 438, 81
532, 197, 57
532, 197, 57
580, 257, 120
-,-,-
433, -331, -426
288, -623, -466
61, -665, -466
61, -665, -466
-85, -635, -448
-243, -630, -387
-280, -706, -175
-261, -760, 498
-253, -561, 1085
-208, -292, 1386
-202, -168, 1133
-253, -173, 1141
-345, -250, 1596
-427, -405, 1866
-512, -696, 1969
-632, -1253, 1998
-714, -1883, 1998
-720, -1955, 1998
-680, -1505, 1947
-580, -1099, 1523
-432, -845, 1075
-262, -472, 899
-116, 23, 839
-24, 254, 626
111, 305, 390
227, 292, 267
227, 292, 267
-,-,-
106, -435, -388
-12, -691, -605
-103, -821, -584
-90, -956, -81
-82, -1013, 553
-206, -897, 1070
-286, -746, 1323
-329, -797, 1305
-360, -791, 1309
-346, -716, 1330
-303, -653, 1245
-330, -769, 1259
-330, -769, 1259
-544, -1471, 1598
-896, -1998, 1415
-918, -1987, 1235
-969, -1856, 1271
-974, -1304, 1245
-806, -533, 1073
-559, 43, 1021
-162, 476, 893
-162, 476, 893
222, 965, 745
504, 1015, 394
612, 868, 151
638, 679, 140
644, 489, 92
644, 489, 92
623, 337, 151
-,-,-
325, -434, -506
259, -721, -705
259, -721, -705
77, -689, -509
-31, -523, -243
-126, -527, 19
-232, -657, 419
-355, -722, 619
-457, -839, 870
-525, -884, 1451
-587, -919, 1744
-554, -839, 1396
-583, -1060, 1448
-645, -1471, 1432
-684, -1771, 1188
-705, -1897, 1020
-735, -1801, 968
-811, -1993, 1169
-941, -1972, 1249
-1005, -1343, 1105
-791, -294, 824
-426, 307, 795
-71, 710, 953
266, 746, 862
376, 567, 649
376, 567, 649
-,-,-
204, -555, -491
204, -555, -491
15, -1065, -329
-39, -1103, -199
-51, -876, -22
-117, -737, 236
-184, -590, 371
-221, -417, 610
-317, -255, 734
-419, -325, 873
-524, -695, 1555
-575, -1000, 1769
-548, -965, 1408
-558, -1020, 1158
-647, -1485, 1223
-780, -1931, 1410
-1031, -1998, 1590
-1109, -1998, 1340
-1051, -1869, 1040
-917, -1019, 917
-676, -139, 918
-302, 463, 1161
-28, 403, 1039
135, 237, 751
199, 3, 576
199, 3, 576
306, 25, 620
-,-,-
231, -424, -454
101, -475, -234
101, -475, -234
-95, -487, 25
-161, -882, 102
-237, -1371, 654
-319, -1346, 1002
-407, -1033, 1137
-392, -720, 1212
-330, -569, 1209
-281, -589, 1126
-281, -627, 1234
-277, -633, 1200
-253, -707, 1171
-324, -1132, 1276
-525, -1742, 1379
-832, -1998, 1641
-1180, -1998, 1983
-1156, -1883, 1619
-844, -922, 794
-614, -235, 618
-351, 486, 733
65, 934, 871
344, 1130, 772
433, 858, 419
482, 429, 249
482, 429, 249
-,-,-
443, -464, -536
242, -563, -536
114, -736, -757
-102, -691, -385
-227, -761, 158
-227, -727, 732
-211, -716, 969
-213, -745, 923
-264, -584, 1101
-343, -384, 1415
-384, -257, 1711
-375, -313, 1802
-436, -799, 1882
-530, -1456, 1994
-584, -1649, 1981
-578, -1518, 1959
-580, -1411, 1782
-437, -1130, 1287
-241, -754, 792
-111, -477, 548
78, -14, 688
165, 358, 857
165, 358, 857
233, 547, 751
276, 401, 565
329, 210, 561
-,-,-
166, -566, -449
160, -897, -583
38, -931, -464
-41, -885, -195
-97, -789, 128
-97, -789, 128
-157, -646, 454
-201, -449, 810
-233, -238, 1029
-266, -187, 1165
-313, -371, 1381
-356, -558, 1776
-456, -736, 1996
-526, -997, 1998
-566, -1299, 1998
-635, -1420, 1998
-646, -1327, 1998
-539, -954, 1912
-375, -850, 1390
-161, -682, 981
-47, -378, 784
82, -64, 789
157, 76, 721
157, 76, 721
217, 143, 557
243, 131, 380
-,-,-
362, -153, -599
328, -244, -887
166, -598, -896
62, -687, -647
-14, -661, -253
-34, -922, 123
-91, -1054, 439
-225, -936, 718
-330, -810, 938
-428, -966, 1214
-428, -966, 1214
-473, -1283, 1559
-683, -1646, 1231
-707, -1998, 1052
-751, -1998, 882
-905, -1998, 1148
-1038, -1874, 1222
-906, -1169, 842
-726, -644, 455
-390, 10, 443
-390, 10, 443
-82, 412, 792
86, 677, 1001
287, 822, 1083
433, 753, 959
-,-,-
411, -177, -590
371, -532, -921
152, -430, -716
-103, -320, -680
-364, -524, -595
-548, -1273, -265
-572, -1749, 235
-606, -1613, 896
-633, -1219, 1419
-538, -959, 1436
-426, -721, 1158
-344, -741, 1121
-347, -868, 1237
-419, -1074, 1196
-558, -1514, 1175
-669, -1966, 1034
-776, -1998, 728
-898, -1998, 668
-1033, -1998, 726
-1127, -1620, 544
-791, -414, 742
-412, 141, 495
-231, 244, 698
-,-,-
516, -97, -239
451, -138, -560
224, -480, -748
-61, -740, -522
-166, -843, -103
-113, -812, 285
-144, -662, 482
-321, -523, 458
-451, -776, 657
-559, -1486, 1060
-588, -1876, 1448
-568, -1746, 1259
-504, -1384, 790
-402, -1330, 565
-393, -1613, 698
-463, -1956, 940
-549, -1974, 838
-508, -1648, 450
-597, -1947, 506
-739, -1979, 547
-737, -1329, 772
-497, -363, 764
-134, -2, 576
101, 189, 674
101, 189, 674
-,-,-
478, -186, -290
415, -86, -592
225, -269, -704
-18, -548, -562
-131, -700, -434
-147, -710, -141
-221, -780, 36
-390, -1268, 229
-494, -1498, 549
-511, -1370, 774
-499, -1194, 802
-511, -1098, 810
-534, -1360, 991
-525, -1717, 1171
-578, -1978, 1075
-635, -1998, 811
-660, -1998, 543
-695, -1998, 461
-702, -1998, 349
-695, -1524, 321
-539, -867, 507
-299, -466, 868
-299, -466, 868
-80, -181, 888
26, -229, 937
127, -303, 913
206, -209, 825
-,-,-
419, -128, -663
360, -143, -890
183, -184, -739
31, -348, -380
-122, -723, -19
-211, -1145, 246
-333, -1289, 170
-481, -1557, 122
-534, -1601, 407
-539, -1716, 665
-539, -1716, 665
-544, -1987, 741
-502, -1998, 701
-499, -1998, 632
-438, -1998, 404
-445, -1998, 477
-513, -1998, 443
-519, -1780, 60
-507, -1471, 111
-514, -934, 594
-416, -334, 1131
-162, 155, 1575
152, 400, 1287
381, 370, 613
507, 223, 99
605, 208, -70
-,-,-
560, 65, -539
445, 272, -1006
445, 272, -1006
78, 229, -1040
-166, -316, -701
-277, -580, 25
-313, -714, 613
-529, -793, 503
-707, -1559, 683
-685, -1998, 1267
-591, -1856, 914
-498, -1349, 425
-435, -1134, 233
-418, -1125, 313
-390, -1265, 557
-488, -1749, 828
-547, -1998, 542
-584, -1998, 40
-564, -1998, -274
-680, -1998, 52
-885, -1943, 361
-831, -1065, 411
-386, -425, 553
-49, -53, 622
-49, -53, 622
199, 323, 890
-,-,-
486, -249, -561
452, -371, -724
281, -365, -711
122, -258, -751
-69, -282, -608
-225, -460, -4
-225, -460, -4
-359, -645, 433
-477, -837, 745
-569, -1021, 1390
-650, -1146, 1656
-614, -1059, 1195
-574, -1150, 1180
-529, -1232, 1314
-521, -1233, 1211
-509, -1210, 1154
-465, -1137, 1049
-532, -1903, 1125
-568, -1979, 1047
-537, -1680, 988
-550, -1415, 848
-494, -1323, 439
-434, -1206, 547
-288, -674, 677
-288, -674, 677
-76, -146, 713
157, 168, 748
-,-,-
505, -121, -581
437, -228, -661
179, -381, -591
7, -594, -520
-74, -622, -416
-112, -799, -117
-246, -1064, 256
-445, -1077, 665
-553, -906, 1220
-553, -906, 1220
-561, -702, 1723
-500, -790, 1725
-431, -787, 1625
-365, -699, 1464
-277, -675, 1375
-248, -778, 1325
-330, -1123, 1419
-447, -1545, 1516
-652, -1967, 1525
-760, -1998, 1413
-593, -1388, 1223
-395, -1030, 747
-245, -771, 582
-245, -771, 582
-83, -319, 596
19, 77, 700
140, 355, 667
-,-,-
124, -374, -365
124, -374, -365
45, -378, -566
-89, -307, -538
-181, -310, -413
-295, -487, 62
-452, -806, 433
-578, -1253, 823
-600, -1465, 1231
-582, -1467, 1419
-593, -1242, 1109
-575, -1128, 953
-540, -1336, 1199
-573, -1670, 1391
-810, -1998, 1667
-1032, -1998, 1204
-891, -1755, 596
-757, -1723, 683
-854, -1629, 737
-697, -457, 959
-236, 161, 1048
34, 235, 631
139, 372, 588
313, 492, 620
313, 492, 620
-,-,-
378, -471, -196
269, -182, -471
185, -340, -913
-69, -479, -826
-212, -665, -245
-193, -819, 180
-150, -802, 245
-162, -713, 423
-265, -872, 721
-422, -1138, 1283
-521, -1312, 1710
-504, -1179, 1494
-442, -1047, 1222
-398, -1016, 1059
-416, -1395, 1134
-554, -1965, 1336
-710, -1998, 1076
-664, -1955, 553
-538, -1833, 428
-523, -1962, 732
-530, -1298, 796
-414, -511, 730
-191, 36, 778
97, 143, 592
221, 130, 530
221, 130, 530
-,-,-
182, -623, -382
138, -818, -544
58, -829, -538
-69, -694, -386
-69, -694, -386
-191, -552, -340
-315, -550, -99
-484, -581, 433
-634, -890, 1057
-635, -1360, 1733
-616, -1464, 1998
-492, -1308, 1946
-425, -1222, 1571
-396, -1468, 1486
-451, -1871, 1619
-664, -1998, 1803
-806, -1998, 1267
-345, -358, 163
-345, -358, 163
-199, -280, 673
-144, -216, 1178
7, 170, 1338
146, 111, 935
167, 13, 619
180, 174, 640
-,-,-
345, 34, -748
144, -311, -844
144, -311, -844
-12, -423, -673
-47, -246, -354
-205, -319, 138
-415, -849, 339
-516, -1380, 581
-581, -1719, 984
-588, -1794, 1063
-571, -1715, 921
-537, -1552, 973
-482, -1378, 1093
-439, -1442, 1209
-470, -1791, 1203
-523, -1994, 883
-585, -1998, 523
-672, -1998, 132
-636, -1613, 64
-513, -1201, 240
-384, -1018, 431
-188, -242, 831
-,-,-
194, -693, -640
194, -693, -640
90, -758, -626
-99, -732, -545
-267, -733, -402
-397, -831, -35
-504, -939, 527
-585, -1123, 1000
-438, -1053, 1152
-347, -841, 1414
-269, -786, 1331
-268, -1011, 1028
-262, -1394, 915
-286, -1696, 927
-359, -1967, 900
-447, -1998, 898
-549, -1998, 865
-621, -1998, 605
-694, -1998, 318
-753, -1935, 192
-811, -1532, 464
-651, -699, 753
-411, -123, 1008
-101, 82, 1030
84, 154, 885
84, 154, 885
-,-,-
367, -756, -437
364, -718, -571
295, -591, -698
185, -395, -601
118, -330, -635
4, -326, -623
-201, -448, -286
-461, -906, 243
-619, -1208, 829
-655, -1415, 1407
-593, -1357, 1760
-528, -1266, 1833
-487, -1087, 1398
-478, -1278, 1194
-444, -1645, 1067
-461, -1910, 822
-543, -1998, 699
-677, -1994, 720
-738, -1955, 605
-717, -1835, 402
-661, -1362, 365
-514, -577, 676
-283, -40, 1046
-18, 317, 1159
-18, 317, 1159
221, 377, 975
370, 256, 660
-,-,-
552, -344, -154
529, -231, -356
389, -246, -593
213, -370, -622
16, -503, -600
-102, -499, -472
-165, -587, -43
-228, -632, 250
-411, -714, 492
-550, -1064, 958
-595, -1166, 1561
-613, -1199, 1971
-537, -1035, 1546
-464, -912, 1248
-441, -1028, 1291
-497, -1550, 1478
-598, -1998, 1606
-650, -1998, 1201
-621, -1811, 769
-539, -1691, 649
-455, -1293, 818
-352, -743, 994
-273, -279, 979
-174, -10, 922
-174, -10, 922
-69, 41, 804
-,-,-
216, -363, -640
63, -599, -824
63, -599, -824
-116, -751, -546
-182, -839, -305
-175, -854, 36
-136, -753, 286
-183, -687, 483
-328, -637, 748
-413, -733, 931
-497, -1058, 1459
-582, -1212, 1603
-570, -1090, 1388
-543, -1126, 1358
-583, -1487, 1438
-726, -1984, 1583
-870, -1998, 1282
-790, -1973, 877
-749, -1825, 895
-788, -1837, 1062
-770, -1055, 884
-473, -243, 510
-121, 52, 497
88, 150, 643
159, 268, 780
-,-,-
408, -154, -466
239, -259, -766
-5, -408, -835
-5, -408, -835
-178, -715, -567
-217, -974, 51
-290, -995, 486
-316, -1059, 835
-339, -967, 1161
-345, -803, 1482
-369, -650, 1440
-332, -648, 1294
-332, -797, 1493
-339, -953, 1381
-391, -1122, 1261
-475, -1528, 1324
-651, -1979, 1374
-765, -1998, 1306
-716, -1744, 956
-619, -1254, 798
-639, -1380, 992
-679, -1138, 1171
-483, -291, 1032
-177, 209, 820
62, 371, 566
236, 423, 431
355, 387, 311
-,-,-
229, -435, -591
80, -576, -669
-96, -706, -419
-225, -766, 54
-319, -730, 252
-429, -924, 341
-500, -961, 696
-521, -871, 1314
-567, -794, 1607
-598, -768, 1519
-610, -837, 1481
-592, -870, 1261
-570, -1131, 1103
-641, -1557, 1238
-844, -1973, 1366
-1049, -1998, 1330
-1071, -1998, 894
-1060, -1740, 717
-1097, -1316, 859
-820, -245, 999
-511, 208, 1098
-241, 397, 836
-42, 595, 749
-,-,-
245, -308, -554
245, -308, -554
205, -425, -667
15, -436, -654
-76, -522, -485
-147, -731, -86
-223, -855, 123
-267, -993, 462
-388, -982, 1082
-484, -971, 1517
-551, -828, 1745
-488, -624, 1638
-437, -643, 1508
-410, -753, 1538
-392, -849, 1603
-441, -1104, 1575
-608, -1812, 1701
-748, -1998, 1599
-669, -1767, 1307
-630, -1571, 1173
-645, -1635, 1093
-558, -825, 782
-374, -67, 676
-163, 406, 621
22, 792, 707
-,-,-
-196, -687, -455
-259, -779, -410
-259, -779, -410
-236, -785, -156
-191, -966, 302
-289, -1143, 807
-496, -1064, 1190
-585, -805, 1721
-527, -647, 1998
-445, -571, 1920
-384, -525, 1730
-377, -837, 1664
-490, -1463, 1769
-658, -1995, 1780
-694, -1998, 1506
-583, -1766, 986
-495, -1307, 830
-389, -711, 827
-305, -236, 836
-235, -183, 737
-135, -127, 696
7, 131, 689
189, 395, 655
319, 525, 602
319, 525, 602
-,-,-
151, -545, -251
99, -575, -398
3, -602, -297
-130, -721, -288
-172, -872, -229
-129, -859, 144
-110, -712, 431
-271, -566, 832
-420, -349, 1280
-463, -250, 1545
-500, -533, 1923
-524, -745, 1998
-582, -954, 1845
-672, -1358, 1795
-741, -1772, 1840
-757, -1935, 1705
-762, -1983, 1634
-789, -1865, 1548
-690, -1104, 1226
-409, -267, 1054
-201, -237, 636
-166, -383, 538
-49, -1, 726
-49, -1, 726
-,-,-
160, -472, -34
102, -770, -336
23, -945, -549
-87, -865, -475
-102, -818, -426
-89, -650, -125
-22, -525, 458
-25, -466, 836
-25, -466, 836
-206, -549, 850
-446, -940, 1015
-603, -1500, 1391
-608, -1618, 1523
-595, -1629, 1392
-673, -1840, 1213
-779, -1998, 1117
-938, -1998, 1080
-1040, -1995, 944
-986, -1385, 686
-764, -1025, 656
-497, -483, 782
-227, 156, 936
-21, 421, 812
58, 367, 809
137, 307, 777
208, 309, 571
208, 309, 571
284, 348, 456
360, 352, 469
-,-,-
-61, -1035, -24
-118, -1131, -110
-200, -907, -121
-229, -616, 62
-229, -616, 62
-275, -445, 375
-424, -518, 642
-568, -745, 1010
-602, -929, 1546
-608, -1019, 1854
-530, -851, 1489
-487, -699, 1308
-522, -732, 1414
-584, -925, 1616
-736, -1536, 1899
-1041, -1998, 1986
-1103, -1998, 1305
-1088, -1730, 1153
-908, -1031, 955
-758, -669, 823
-604, -200, 1014
-349, 490, 733
8, 966, 615
289, 916, 528
384, 710, 333
-,-,-
161, -470, -150
53, -684, -497
-155, -797, -278
-386, -803, 231
-525, -933, 457
-561, -1005, 662
-540, -711, 1034
-400, -420, 1110
-322, -328, 1215
-358, -345, 1289
-431, -511, 1390
-519, -768, 1510
-609, -978, 1542
-774, -1308, 1782
-959, -1735, 1938
-994, -1869, 1761
-859, -1701, 1600
-836, -1618, 1580
-913, -1529, 1511
-996, -1236, 1260
-860, -430, 554
-544, 164, 290
-213, 443, 292
36, 722, 472
207, 864, 600
207, 864, 600
310, 853, 615
-,-,-
136, -992, -35
76, -994, -119
-116, -876, -237
-251, -811, -322
-362, -798, 39
-414, -764, 317
-463, -944, 587
-463, -944, 587
-505, -934, 1038
-579, -711, 1390
-569, -674, 1346
-586, -739, 1470
-603, -701, 1644
-556, -628, 1609
-526, -687, 1642
-595, -982, 1635
-715, -1438, 1737
-817, -1764, 1711
-905, -1998, 1664
-978, -1862, 1078
-796, -1137, 588
-533, -443, 596
-353, -100, 693
-163, -148, 721
10, -35, 550
116, 45, 587
147, 153, 801
-,-,-
-159, -774, -471
-369, -707, -331
-495, -608, 120
-646, -904, 317
-783, -1479, 886
-799, -1486, 1802
-805, -1143, 1998
-716, -684, 1803
-513, -444, 1261
-325, -475, 1086
-246, -533, 1083
-255, -660, 1133
-301, -833, 1172
-390, -1294, 1386
-559, -1652, 1495
-758, -1935, 1510
-938, -1998, 1512
-1183, -1998, 1354
-1198, -1575, 1007
-578, 640, 887
-578, 640, 887
-116, 940, 912
148, 720, 870
279, 388, 626
338, 195, 522
-,-,-
270, -1087, 47
292, -813, 253
260, -674, 117
208, -638, -171
87, -459, -255
3, -375, -101
3, -375, -101
-130, -354, -64
-317, -540, -106
-492, -977, 138
-584, -1217, 453
-642, -1390, 838
-626, -1542, 1434
-670, -1341, 1583
-582, -1015, 1350
-504, -1018, 1537
-467, -1046, 1421
-549, -1359, 1440
-647, -1921, 1252
-766, -1998, 834
-808, -1998, 684
-861, -1813, 491
-710, -1205, 425
-610, -678, 549
-418, -165, 595
-204, 76, 660
-,-,-
13, -504, -448
-106, -664, -374
-140, -687, 225
-89, -643, 554
30, -548, 646
30, -548, 646
47, -517, 804
-60, -571, 759
-198, -709, 890
-352, -822, 1279
-422, -789, 1584
-424, -756, 1583
-409, -744, 1501
-461, -1120, 1513
-574, -1706, 1680
-654, -1842, 1596
-691, -1992, 1582
-626, -1908, 1426
-505, -1307, 1037
-345, -677, 804
-214, -336, 827
-137, -230, 824
-60, -125, 720
-,-,-
193, -401, -25
169, -430, -262
-101, -783, -233
-235, -871, -165
-257, -769, 335
-217, -725, 614
-211, -598, 853
-191, -397, 1206
-150, -313, 1348
-235, -430, 1308
-321, -548, 1291
-379, -677, 1643
-429, -764, 1833
-429, -764, 1833
-486, -876, 1835
-573, -1198, 1898
-734, -1824, 1994
-900, -1957, 1683
-873, -1336, 1222
-698, -488, 1026
-469, 6, 1069
-469, 6, 1069
-301, 288, 965
-135, 482, 779
-,-,-
136, -280, -357
25, -598, -708
-234, -891, -586
-335, -1091, 217
-278, -903, 671
-213, -903, 712
-213, -700, 712
-241, -484, 751
-291, -347, 953
-343, -301, 1271
-399, -361, 1544
-463, -498, 1642
-470, -748, 1709
-541, -1104, 1711
-651, -1503, 1792
-699, -1731, 1844
-677, -1721, 1788
-700, -1876, 1712
-692, -1440, 1328
-587, -1126, 983
-435, -611, 951
-231, -12, 1087
-63, 284, 856
111, 395, 573
220, 384, 530
-,-,-
104, -444, -407
63, -788, -734
63, -788, -734
-44, -875, -593
-151, -827, -266
-211, -807, 4
-294, -822, 220
-486, -758, 698
-705, -746, 1354
-751, -867, 1877
-716, -759, 1998
-625, -711, 1958
-528, -706, 1696
-439, -817, 1532
-428, -1037, 1590
-503, -1486, 1714
-593, -1886, 1631
-590, -1905, 1245
-576, -1666, 915
-535, -1415, 828
-451, -873, 841
-362, -250, 904
-155, 170, 819
-3, 441, 778
-,-,-
240, -516, -324
231, -606, -438
42, -503, -540
-216, -368, -608
-385, -581, -216
-447, -1095, 460
-548, -1372, 948
-659, -1193, 1257
-737, -994, 1571
-676, -924, 1771
-571, -952, 1740
-493, -913, 1573
-439, -939, 1408
-460, -1263, 1415
-567, -1735, 1525
-649, -1989, 1335
-770, -1998, 1151
-741, -1824, 743
-637, -1149, 785
-486, -576, 996
-357, -142, 1109
-186, 72, 1031
2, 192, 855
2, 192, 855
143, 216, 608
231, 310, 538
-,-,-
399, -177, 113
260, -255, -207
37, -565, -592
-140, -705, -460
-244, -651, -51
-263, -741, 346
-347, -881, 440
-385, -870, 425
-428, -790, 838
-420, -830, 1428
-436, -763, 1654
-468, -674, 1714
-510, -846, 1551
-518, -1227, 1474
-618, -1854, 1649
-721, -1998, 1649
-739, -1933, 1702
-711, -1522, 1767
-692, -1351, 1249
-464, -1042, 701
-239, -502, 580
-49, -141, 648
43, 148, 691
43, 148, 691
-,-,-
371, -580, -79
329, -843, -301
201, -968, -312
81, -918, -212
81, -918, -212
-43, -794, -252
-85, -721, -89
-72, -524, 323
-122, -541, 530
-214, -634, 731
-332, -665, 842
-398, -669, 1238
-515, -897, 1858
-615, -955, 1995
-685, -1259, 1964
-781, -1854, 1964
-746, -1993, 1703
-680, -1792, 1610
-611, -1531, 1539
-517, -1079, 1376
-380, -612, 1242
-161, -167, 898
34, 35, 706
222, 204, 635
222, 204, 635
323, 297, 531
-,-,-
414, -151, 116
214, -204, -158
145, -354, -575
25, -357, -548
-142, -395, -279
-329, -944, 4
-353, -1209, 378
-352, -1077, 683
-351, -891, 781
-484, -799, 895
-671, -1108, 1204
-705, -1269, 1515
-664, -1304, 1584
-654, -1263, 1233
-629, -1419, 886
-608, -1801, 914
-702, -1998, 1067
-881, -1998, 1151
-1155, -1998, 1041
-1073, -1673, 676
-815, -1090, 614
-516, -392, 830
-330, 186, 1097
-,-,-
169, -561, -445
169, -561, -445
53, -671, -439
-165, -744, -128
-271, -1078, 382
-355, -1006, 777
-352, -909, 1011
-374, -896, 1166
-412, -716, 1249
-374, -356, 1481
-239, -167, 1370
-169, -337, 1155
-163, -536, 1033
-255, -819, 1292
-368, -1146, 1501
-523, -1793, 1767
-861, -1998, 1997
-1019, -1998, 1711
-1033, -1890, 1341
-857, -1097, 934
-656, -376, 930
-354, 202, 1025
-172, 456, 748
-65, 611, 535
25, 652, 492
110, 624, 469
110, 624, 469
-,-,-
105, -520, -224
14, -589, -498
-226, -582, -473
-280, -706, 72
-280, -706, 72
-273, -950, 754
-265, -1075, 1048
-200, -828, 1190
-118, -434, 1329
-97, -158, 1559
-159, -98, 1595
-204, -277, 1637
-327, -807, 1789
-494, -1610, 1982
-658, -1998, 1998
-739, -1998, 1909
-646, -1638, 1422
-474, -1005, 1131
-462, -492, 843
-246, -30, 681
-35, 597, 828
252, 933, 786
335, 784, 701
330, 501, 713
330, 501, 713
344, 329, 699
-,-,-
280, -404, -245
208, -524, -648
14, -648, -912
-124, -713, -597
-197, -854, 243
-186, -911, 725
-210, -706, 837
-217, -470, 843
-261, -524, 979
-317, -674, 1191
-382, -761, 1447
-465, -814, 1588
-500, -1003, 1458
-541, -1394, 1507
-640, -1839, 1750
-763, -1998, 1784
-674, -1945, 1628
-669, -1532, 1491
-569, -1068, 943
-443, -553, 740
-279, 115, 794
-109, 413, 738
40, 518, 726
40, 518, 726
123, 501, 635
-,-,-
128, -637, -275
128, -637, -275
22, -597, -422
-151, -676, -341
-154, -863, 93
-76, -807, 672
-102, -830, 900
-242, -854, 862
-340, -765, 861
-360, -655, 1222
-361, -564, 1590
-373, -524, 1666
-351, -523, 1543
-325, -740, 1468
-420, -1264, 1597
-623, -1888, 1874
-742, -1998, 1998
-814, -1899, 1865
-652, -1076, 1116
-300, -461, 546
-186, -461, 577
-194, -221, 956
-149, 269, 1138
-83, 579, 995
-83, 579, 995
-,-,-
45, -963, 163
45, -963, 163
54, -694, 127
35, -616, -209
49, -612, -213
43, -578, 216
-38, -512, 332
-121, -418, 471
-121, -418, 471
-158, -403, 703
-289, -457, 1079
-482, -512, 1517
-672, -729, 1753
-725, -1008, 1674
-742, -1429, 1742
-815, -1880, 1859
-947, -1998, 1732
-954, -1922, 1502
-992, -1772, 1706
-1020, -1083, 1435
-398, 112, 813
-398, 112, 813
-239, 207, 907
-26, 538, 924
159, 720, 928
189, 726, 688
-,-,-
20, -637, -487
-71, -826, -572
-143, -823, -206
-162, -882, 236
-109, -901, 397
-76, -793, 694
-172, -707, 824
-308, -663, 1016
-406, -654, 1269
-422, -683, 1497
-415, -688, 1623
-368, -664, 1450
-344, -686, 1400
-329, -756, 1387
-395, -1062, 1506
-586, -1671, 1852
-780, -1998, 1922
-796, -1998, 1455
-798, -1783, 1125
-652, -775, 962
-446, 77, 1117
-254, 446, 1076
-254, 446, 1076
-66, 393, 820
-21, 263, 709
29, 67, 637
-,-,-
173, -463, -235
-84, -713, -344
-298, -884, -250
-311, -940, 193
-251, -917, 639
-237, -795, 574
-216, -537, 334
-119, -550, 630
-85, -693, 1124
-137, -778, 1289
-221, -759, 1200
-350, -819, 1221
-425, -998, 1511
-425, -998, 1511
-493, -1157, 1629
-595, -1643, 1748
-562, -1830, 1372
-582, -1998, 1112
-558, -1705, 1049
-481, -994, 1026
-359, -466, 1103
-239, -247, 961
-123, -132, 844
-123, -132, 844
31, 84, 759
116, 144, 755
192, 118, 768
251, 136, 792
-,-,-
349, -352, 291
221, -533, 119
221, -533, 119
-5, -724, -96
-151, -698, -129
-120, -542, 198
-82, -535, 405
-107, -491, 382
-41, -389, 511
56, -217, 733
104, -57, 1045
104, -57, 1045
63, -82, 1301
-74, -434, 1469
-269, -908, 1755
-428, -1454, 1991
-510, -1690, 1998
-585, -1721, 1998
-570, -1669, 1952
-397, -1440, 1594
-276, -1117, 1275
-209, -928, 1155
-201, -708, 1085
-124, -297, 955
-20, -166, 700
-5, 0, 505
64, 121, 534
64, 121, 534
135, 379, 634
208, 608, 707
-,-,-
285, -489, 297
262, -548, 33
116, -531, -244
96, -419, -82
96, -419, -82
76, -356, 173
56, -398, 189
-5, -355, 289
53, -324, 408
116, -324, 788
116, -324, 788
77, -366, 1253
-102, -547, 1457
-285, -781, 1542
-334, -1058, 1668
-337, -1193, 1672
-325, -1236, 1702
-346, -1476, 1577
-373, -1847, 1477
-532, -1998, 1543
-552, -1716, 1357
-467, -881, 1276
-249, -360, 1157
-129, -187, 990
-50, -143, 769
-18, 27, 774
-27, 264, 786
3, 426, 737
3, 426, 737
67, 576, 548
-,-,-
471, -266, -10
439, -375, -258
328, -490, -304
147, -551, -305
56, -534, -276
-33, -464, -158
-129, -556, -108
-92, -707, 311
-66, -667, 968
-174, -637, 972
-174, -637, 972
-272, -618, 798
-280, -562, 992
-274, -607, 1262
-376, -712, 1561
-467, -866, 1735
-541, -1272, 1819
-650, -1850, 1941
-714, -1998, 1929
-751, -1998, 1841
-703, -1788, 1672
-537, -1066, 1281
-409, -362, 1089
-185, 151, 1000
-58, 204, 795
22, 114, 577
124, 182, 572
188, 325, 613
241, 467, 611
241, 467, 611
297, 532, 582
306, 477, 528
-,-,-
329, -587, 48
277, -655, -178
195, -604, -266
65, -595, -323
-10, -630, -312
-65, -588, -184
-73, -543, 60
9, -554, 317
9, -554, 317
-18, -590, 555
-124, -708, 686
-264, -977, 1022
-392, -1072, 1507
-439, -920, 1857
-390, -845, 1985
-309, -852, 1892
-328, -1136, 1698
-440, -1851, 1628
-527, -1998, 1636
-506, -1912, 1490
-406, -1146, 1249
-234, -531, 1096
-169, -260, 1008
-126, -17, 887
-64, 139, 756
-19, 397, 709
56, 607, 699
56, 607, 699
176, 678, 724
279, 680, 654
-,-,-
404, -298, -27
380, -284, -236
177, -443, -391
-24, -596, -464
-107, -601, -333
-143, -609, -23
-142, -670, 86
-142, -670, 86
-134, -666, 230
-168, -611, 519
-262, -581, 921
-370, -561, 1307
-364, -515, 1544
-318, -581, 1614
-380, -703, 1765
-492, -1000, 1931
-566, -1375, 1998
-593, -1733, 1998
-728, -1917, 1998
-829, -1998, 1929
-763, -1498, 1535
-577, -552, 1288
-393, 272, 1120
-199, 715, 980
-77, 735, 744
-14, 613, 497
71, 498, 356
-,-,-
256, -420, 134
146, -679, -209
-35, -765, -353
-35, -765, -353
-111, -661, -73
-82, -645, 413
-22, -648, 691
-82, -674, 676
-202, -619, 652
-269, -578, 984
-300, -548, 1452
-411, -602, 1515
-416, -692, 1602
-357, -725, 1552
-310, -798, 1442
-316, -888, 1428
-399, -1240, 1674
-500, -1591, 1821
-712, -1994, 1809
-732, -1750, 1699
-616, -1089, 1516
-431, -551, 1234
-186, -126, 1078
-63, 111, 811
33, 329, 599
33, 329, 599
104, 554, 547
172, 691, 573
237, 737, 565
287, 699, 419
287, 699, 419
300, 566, 252
344, 418, 249
429, 324, 330
-,-,-
183, -830, 213
257, -591, 72
184, -467, -103
71, -590, -191
-25, -584, -56
-25, -584, -56
-115, -469, 43
-115, -499, -3
-86, -549, 218
-103, -553, 691
-209, -347, 1128
-306, -208, 1505
-343, -421, 1853
-505, -790, 1998
-650, -819, 1998
-574, -700, 1917
-403, -756, 1817
-408, -1412, 1957
-598, -1990, 1998
-820, -1784, 1872
-771, -944, 1654
-573, -294, 1383
-335, -26, 1038
-238, 127, 816
-89, 398, 657
-89, 398, 657
35, 557, 620
106, 608, 580
185, 630, 427
252, 626, 368
286, 638, 361
286, 638, 361
338, 601, 341
373, 471, 415
-,-,-
380, -418, 171
380, -418, 171
260, -624, -196
124, -586, -111
21, -529, 4
-79, -477, 78
-190, -485, 22
-235, -640, 148
-235, -640, 148
-184, -726, 635
-204, -652, 1026
-249, -450, 1306
-298, -245, 1610
-319, -221, 1843
-335, -355, 1942
-288, -533, 1900
-305, -845, 1876
-420, -1241, 1931
-491, -1489, 1998
-516, -1583, 1994
-489, -1441, 1800
-408, -1039, 1541
-342, -632, 1321
-255, -253, 973
-171, 84, 859
-57, 436, 682
20, 546, 536
96, 611, 510
96, 611, 510
164, 656, 483
207, 687, 468
232, 641, 373
276, 574, 374
338, 452, 437
-,-,-
212, -577, 240
150, -637, 10
-33, -686, -417
-78, -841, -299
-155, -815, 192
-155, -815, 192
-187, -854, 404
-217, -779, 521
-226, -480, 571
-211, -291, 794
-358, -289, 1108
-443, -388, 1717
-421, -368, 1998
-317, -401, 1966
-201, -641, 1655
-162, -940, 1596
-344, -1431, 1942
-556, -1792, 1998
-613, -1685, 1991
-638, -1485, 1781
-486, -842, 1397
-342, -320, 1067
-243, -23, 778
-106, 107, 752
16, 360, 837
93, 639, 672
93, 639, 672
204, 894, 494
272, 967, 544
282, 602, 430
308, 362, 405
308, 362, 405
333, 214, 444
371, 130, 404
421, 189, 468
-,-,-
108, -703, 55
108, -703, 55
-74, -957, -256
-220, -873, 39
-236, -577, 625
-247, -473, 768
-294, -612, 737
-295, -641, 744
-271, -501, 972
-262, -366, 1100
-319, -420, 1427
-370, -459, 1938
-393, -371, 1998
-387, -326, 1981
-357, -438, 1795
-360, -867, 1805
-464, -1439, 1993
-563, -1711, 1998
-618, -1223, 1998
-583, -643, 1619
-398, -172, 900
-234, 195, 552
-234, 195, 552
-82, 453, 509
4, 572, 564
56, 564, 536
99, 482, 426
99, 482, 426
158, 468, 362
233, 546, 391
287, 521, 394
337, 388, 403
337, 388, 403
403, 245, 451
465, 123, 588
-,-,-
325, -337, 221
278, -485, 187
163, -483, 28
163, -483, 28
52, -528, -174
-114, -548, -232
-169, -497, -33
-115, -567, 332
-72, -672, 434
-122, -713, 472
-335, -681, 963
-469, -600, 1678
-458, -389, 1864
-376, -216, 1786
-324, -170, 1748
-336, -184, 1784
-340, -255, 1969
-424, -715, 1998
-632, -1578, 1998
-730, -1746, 1998
-743, -1011, 1998
-650, -329, 1832
-427, 92, 1251
-427, 92, 1251
-215, 243, 810
-102, 290, 468
-17, 376, 348
53, 495, 354
93, 572, 216
93, 572, 216
157, 645, 130
220, 704, 139
278, 659, 233
272, 485, 446
272, 485, 446
-,-,-
113, -422, 355
29, -561, 105
29, -561, 105
-109, -538, -32
-157, -506, -10
-149, -442, 543
-227, -495, 845
-251, -600, 1081
-264, -646, 1190
-351, -596, 1278
-440, -412, 1606
-440, -232, 1891
-396, -159, 1837
-368, -190, 1712
-329, -229, 1608
-340, -441, 1582
-554, -971, 1951
-900, -1558, 1998
-1044, -1502, 1998
-1000, -842, 1998
-874, -373, 1572
-637, 8, 961
-402, 339, 523
-402, 339, 335
-187, 487, 335
-40, 716, 305
68, 749, 115
177, 752, 9
266, 766, 28
266, 766, 28
329, 655, 124
360, 510, 250
391, 432, 391
436, 401, 507
436, 401, 507
421, 326, 575
-,-,-
395, -549, 584
317, -633, 225
175, -608, -85
175, -608, -85
120, -440, -377
155, -397, -452
49, -335, -162
20, -341, 124
99, -272, 441
255, -187, 699
233, -189, 1015
233, -189, 1015
54, -249, 1184
-93, -450, 1363
-156, -687, 1612
-294, -1232, 1949
-549, -1904, 1998
-605, -1989, 1998
-462, -1660, 1951
-270, -1408, 1517
-180, -1410, 1284
-204, -1040, 1248
-166, -646, 1069
-118, -168, 903
32, 180, 755
132, 445, 607
186, 610, 577
224, 667, 661
220, 623, 666
220, 623, 666
243, 540, 621
229, 430, 692
-,-,-
246, -765, -211
141, -865, -420
-17, -786, -189
-188, -691, 238
-284, -658, 413
-267, -727, 532
-267, -727, 532
-246, -948, 451
-226, -1036, 598
-216, -572, 1044
-138, -60, 1586
-47, 63, 1821
-97, -193, 1915
-242, -800, 1996
-305, -1169, 1998
-317, -1428, 1998
-273, -1362, 1998
-230, -1204, 1815
-200, -859, 1566
-207, -472, 1400
-159, -113, 1224
-111, 15, 1047
-87, 222, 860
-18, 307, 647
66, 443, 549
66, 443, 549
162, 586, 464
214, 602, 426
234, 539, 393
273, 422, 389
273, 422, 389
295, 315, 459
-,-,-
146, -652, 156
91, -651, 76
-59, -693, -59
-122, -711, -43
-122, -711, -43
-123, -631, 287
-146, -611, 574
-158, -636, 762
-140, -571, 841
-85, -353, 1041
-114, -229, 1258
-202, -330, 1431
-302, -518, 1676
-347, -725, 1844
-372, -862, 1959
-462, -1264, 1998
-524, -1632, 1998
-587, -1615, 1998
-643, -980, 1998
-600, -258, 1985
-501, 302, 1579
-315, 495, 949
-125, 543, 392
52, 486, -26
52, 486, -26
176, 455, -240
288, 478, -234
349, 578, -216
376, 724, -109
353, 771, 137
309, 584, 321
-,-,-
215, -682, 43
107, -722, -85
8, -737, -215
-56, -683, -136
-99, -634, -24
-160, -655, 313
-191, -661, 634
-126, -451, 1017
-152, -151, 1328
-211, 11, 1419
-211, 11, 1419
-262, -16, 1740
-319, -298, 1991
-482, -867, 1998
-635, -1275, 1998
-737, -1489, 1998
-676, -1168, 1998
-539, -608, 1899
-385, -112, 1332
-225, 199, 886
-85, 313, 642
10, 401, 516
85, 502, 481
115, 669, 535
115, 669, 535
148, 837, 490
202, 815, 350
-,-,-
156, -640, 78
160, -739, -12
48, -753, -159
-29, -649, -251
-102, -610, -23
-102, -610, -23
-239, -493, 441
-330, -437, 596
-407, -534, 629
-450, -507, 743
-438, -406, 1129
-408, -300, 1481
-415, -300, 1590
-391, -464, 1694
-434, -807, 1963
-591, -1254, 1998
-655, -1284, 1998
-633, -1172, 1998
-621, -1023, 1998
-531, -827, 1749
-401, -387, 1438
-253, -8, 1089
-128, 302, 897
14, 388, 652
110, 419, 436
110, 419, 436
164, 323, 326
190, 296, 348
178, 435, 489
158, 531, 536
-,-,-
15, -925, -22
128, -1013, -246
65, -818, -184
-37, -556, -120
-112, -250, 100
-49, -35, 230
-49, -35, 230
67, -7, 254
65, -176, 309
-124, -546, 545
-366, -845, 1021
-516, -913, 1585
-588, -1001, 1975
-630, -1291, 1998
-667, -1592, 1998
-617, -1685, 1996
-542, -1568, 1942
-501, -1219, 1998
-404, -640, 1867
-292, -241, 1471
-135, -68, 1048
-40, -75, 858
17, -48, 809
17, -48, 809
35, 100, 787
96, 295, 822
159, 403, 720
202, 428, 526
202, 428, 526
268, 422, 445
325, 383, 536
-,-,-
197, -489, 196
118, -659, -20
118, -659, -20
11, -880, -200
-106, -972, -375
-202, -764, -287
-259, -573, 64
-245, -396, 409
-181, -216, 765
-206, -258, 895
-318, -554, 1033
-376, -733, 1383
-411, -806, 1860
-457, -815, 1998
-500, -875, 1998
-460, -1046, 1998
-452, -1255, 1998
-478, -1320, 1998
-410, -1159, 1865
-325, -934, 1576
-278, -734, 1286
-240, -395, 1075
-178, -24, 939
-108, 236, 836
-27, 430, 801
-27, 430, 801
24, 566, 782
54, 596, 678
-,-,-
335, -166, 197
183, -594, -151
6, -710, -233
-54, -752, -79
-108, -705, 218
-136, -589, 440
-110, -598, 268
-84, -621, 112
-116, -631, 442
-241, -589, 983
-241, -589, 983
-342, -539, 1411
-334, -538, 1543
-338, -553, 1630
-384, -739, 1825
-478, -956, 1981
-533, -1225, 1998
-563, -1492, 1998
-573, -1586, 1998
-497, -1324, 1889
-363, -1057, 1531
-236, -873, 1224
-215, -579, 986
-112, -297, 853
-46, -76, 752
9, 59, 621
61, 217, 590
118, 398, 607
118, 398, 607
169, 484, 575
218, 483, 498
-,-,-
192, -627, 444
225, -877, 189
119, -923, 20
53, -889, 130
53, -889, 130
-93, -817, 187
-271, -711, 230
-306, -721, 256
-289, -700, 390
-267, -490, 624
-199, -237, 923
-114, -75, 1185
-97, -62, 1403
-97, -62, 1403
-226, -375, 1808
-458, -846, 1998
-706, -1366, 1998
-736, -1421, 1998
-635, -1199, 1998
-425, -892, 1913
-242, -704, 1617
-147, -476, 1403
-108, -263, 1218
-112, -64, 943
-84, 168, 664
7, 400, 455
94, 630, 395
162, 778, 387
162, 778, 387
186, 736, 343
193, 630, 299
223, 416, 342
-,-,-
185, -457, -123
116, -628, -276
-53, -609, -428
-118, -701, -254
-122, -664, 276
-122, -664, 276
-128, -520, 708
-208, -401, 813
-231, -379, 898
-221, -518, 1201
-285, -632, 1517
-364, -687, 1753
-384, -643, 1968
-488, -1021, 1998
-639, -1551, 1998
-729, -1458, 1998
-655, -1168, 1998
-504, -863, 1926
-341, -566, 1519
-192, -384, 1101
-179, -219, 806
-84, -137, 581
-32, 85, 492
60, 438, 445
129, 771, 481
129, 771, 481
182, 931, 417
-,-,-
115, -819, -270
149, -865, -580
-5, -679, -529
-173, -648, -44
-233, -532, 305
-240, -350, 684
-297, -502, 636
-369, -824, 562
-405, -880, 776
-405, -880, 776
-381, -910, 1168
-498, -1075, 1437
-657, -1460, 1852
-779, -1914, 1998
-715, -1982, 1860
-691, -1689, 1814
-571, -1140, 1614
-485, -704, 1479
-370, -404, 1248
-222, -229, 1045
-109, -2, 792
-109, -2, 792
53, 222, 467
155, 350, 442
217, 470, 478
283, 592, 557
283, 592, 557
-,-,-
-20, -645, -66
-118, -659, -56
-302, -692, -42
-337, -842, 35
-337, -761, 350
-337, -761, 350
-375, -846, 572
-387, -813, 714
-315, -508, 945
-209, -276, 1101
-205, -346, 1250
-284, -482, 1434
-341, -748, 1544
-478, -1170, 1766
-734, -1677, 1945
-950, -1993, 1998
-1023, -1998, 1998
-868, -1688, 1821
-712, -988, 1528
-587, -522, 1193
-395, -129, 1075
-251, 276, 1028
-132, 349, 782
-28, 376, 719
84, 489, 698
149, 518, 588
149, 518, 588
220, 488, 472
319, 438, 410
-,-,-
0, -824, 0
-57, -822, -130
-109, -934, -266
-109, -934, -266
-156, -782, 151
-153, -583, 509
-116, -515, 457
-95, -561, 475
-133, -594, 764
-266, -521, 1264
-375, -479, 1645
-449, -600, 1866
-546, -924, 1996
-619, -1175, 1998
-634, -1357, 1998
-635, -1474, 1995
-665, -1548, 1994
-547, -1194, 1770
-420, -945, 1208
-197, -584, 674
-11, -207, 612
89, 80, 701
108, 292, 771
108, 292, 771
123, 415, 791
143, 428, 656
182, 373, 567
224, 373, 554
-,-,-
116, -645, -318
39, -839, -417
-122, -710, -78
-122, -710, -78
-191, -669, 151
-191, -576, 489
-157, -446, 530
-156, -368, 499
-208, -337, 694
-239, -330, 1045
-300, -442, 1406
-420, -640, 1626
-570, -971, 1926
-652, -1356, 1998
-866, -1709, 1998
-953, -1809, 1998
-836, -1429, 1998
-619, -987, 1840
-442, -787, 1453
-340, -602, 1150
-219, -327, 884
-126, -59, 739
-40, 227, 741
29, 465, 786
29, 465, 786
150, 670, 648
257, 733, 535
292, 612, 480
-,-,-
-9, -1008, 79
-9, -1008, 79
-79, -948, -63
-136, -797, -72
-152, -660, 195
-183, -542, 525
-232, -398, 780
-215, -294, 853
-211, -338, 878
-228, -455, 1026
-294, -694, 1244
-407, -1030, 1717
-588, -1229, 1997
-735, -1543, 1998
-766, -1839, 1998
-730, -1773, 1891
-589, -1484, 1607
-507, -1102, 1414
-445, -681, 1274
-301, -313, 1088
-186, -33, 919
-103, 186, 789
-103, 186, 789
-35, 297, 732
32, 331, 709
92, 368, 752
153, 384, 785
222, 413, 723
222, 413, 723
-,-,-
111, -614, 19
129, -684, -159
22, -631, -113
-5, -649, -116
-83, -586, 69
-83, -586, 69
-123, -519, 430
-60, -478, 635
-44, -465, 696
-119, -528, 868
-242, -602, 1046
-338, -647, 1391
-360, -725, 1670
-354, -764, 1703
-403, -975, 1706
-471, -1365, 1714
-522, -1796, 1885
-596, -1911, 1886
-642, -1763, 1718
-616, -1392, 1646
-491, -831, 1444
-323, -328, 1190
-156, -17, 859
-56, 163, 685
40, 177, 695
40, 177, 695
117, 177, 636
160, 285, 630
-,-,-
152, -752, 69
174, -796, -213
48, -703, -563
-92, -592, -304
-206, -517, 149
-221, -476, 646
-221, -476, 646
-177, -491, 735
-166, -598, 660
-207, -723, 790
-326, -844, 1115
-457, -965, 1568
-536, -1063, 1952
-534, -1134, 1998
-587, -1298, 1998
-600, -1481, 1924
-520, -1648, 1757
-479, -1785, 1640
-442, -1468, 1353
-317, -976, 1070
-202, -560, 911
-76, -165, 958
8, 78, 924
57, 239, 752
98, 360, 682
98, 360, 682
153, 428, 713
-,-,-
71, -560, -256
71, -560, -256
-148, -875, -387
-247, -965, -66
-215, -985, 386
-120, -791, 565
-66, -576, 467
-82, -501, 670
-204, -560, 1019
-343, -688, 1390
-387, -780, 1606
-384, -821, 1662
-390, -850, 1721
-420, -927, 1739
-456, -1186, 1632
-486, -1630, 1645
-572, -1990, 1629
-598, -1986, 1384
-500, -1621, 1189
-353, -1025, 1032
-219, -619, 928
-125, -342, 853
-83, -216, 758
-70, -33, 810
-70, -33, 810
-42, 275, 885
28, 459, 812
147, 562, 640
-,-,-
148, -704, -35
77, -837, -109
-116, -866, -191
-269, -962, -32
-335, -991, 307
-244, -716, 611
-133, -481, 568
-133, -481, 568
-131, -317, 733
-135, -223, 1012
-154, -182, 1397
-202, -199, 1552
-278, -378, 1743
-427, -857, 1971
-658, -1494, 1998
-766, -1785, 1998
-699, -1606, 1998
-532, -1322, 1873
-379, -995, 1432
-251, -720, 1110
-146, -390, 852
-95, -102, 711
-19, 167, 672
20, 346, 683
35, 471, 694
35, 471, 694
58, 484, 762
101, 396, 712
150, 332, 610
209, 324, 501
-,-,-
189, -432, 106
154, -500, -67
-8, -604, -199
-154, -586, -221
-195, -625, -259
-135, -663, 18
-113, -678, 447
-164, -643, 623
-198, -544, 829
-198, -544, 829
-293, -557, 1235
-441, -762, 1527
-495, -1037, 1735
-521, -1340, 1961
-536, -1535, 1990
-538, -1679, 1949
-564, -1831, 1910
-533, -1237, 1745
-472, -676, 1362
-420, -385, 924
-420, -385, 924
-271, -273, 679
-167, -31, 664
-33, 289, 669
61, 516, 663
175, 737, 612
203, 811, 545
-,-,-
19, -726, -84
-85, -619, -295
-144, -536, -289
-229, -626, -14
-258, -539, 167
-258, -539, 167
-155, -506, 426
-81, -475, 548
-118, -618, 656
-214, -888, 959
-321, -1115, 1354
-479, -1204, 1656
-602, -1345, 1819
-661, -1694, 1963
-725, -1990, 1994
-776, -1998, 1904
-801, -1998, 1710
-837, -1977, 1533
-760, -1336, 1272
-588, -406, 948
-292, 103, 728
-177, 226, 650
-101, 352, 589
-42, 441, 563
40, 531, 506
153, 653, 539
153, 653, 539
-,-,-
191, -366, -190
105, -403, -534
105, -403, -534
-100, -417, -342
-181, -384, 28
-163, -272, 547
-93, -258, 670
-181, -392, 589
-311, -693, 877
-392, -1050, 1282
-486, -1364, 1524
-607, -1589, 1725
-596, -1606, 1830
-658, -1737, 1998
-741, -1959, 1998
-756, -1860, 1998
-655, -1385, 1929
-500, -895, 1672
-322, -581, 1258
-176, -429, 786
-62, -196, 554
41, 19, 596
121, 223, 689
121, 223, 644
159, 378, 644
191, 478, 598
-,-,-
-234, -829, 416
-91, -892, 425
-23, -708, 405
-97, -585, 779
-440, -736, 1313
-771, -1211, 1916
-828, -1500, 1957
-681, -1529, 1436
-427, -1272, 777
-237, -1008, 634
-109, -843, 839
-8, -807, 1066
-83, -952, 1318
-185, -1230, 1542
-253, -1686, 1575
-301, -1998, 1422
-336, -1824, 1374
-324, -1220, 1413
-272, -675, 1252
-200, -459, 1152
-159, -331, 915
-117, -134, 766
-50, 30, 701
-50, 30, 701
10, 170, 617
49, 356, 592
115, 567, 579
115, 567, 579
203, 699, 468
-,-,-
329, -302, -148
244, -782, -836
213, -965, -1088
15, -673, -410
-160, -513, 112
-251, -431, 468
-216, -402, 509
-216, -605, 627
-297, -862, 929
-421, -1192, 1449
-491, -1372, 1703
-474, -1348, 1558
-419, -1414, 1465
-424, -1689, 1571
-515, -1994, 1777
-622, -1998, 1753
-620, -1952, 1489
-512, -1588, 1204
-290, -1047, 736
-143, -479, 548
-72, 46, 691
-11, 399, 921
49, 563, 863
49, 563, 863
94, 514, 646
-,-,-
211, -338, -767
149, -513, -1259
-6, -656, -933
-171, -708, -312
-343, -723, 262
-416, -639, 592
-439, -580, 776
-439, -580, 776
-504, -711, 944
-536, -972, 1185
-583, -1264, 1600
-595, -1367, 1701
-535, -1325, 1498
-556, -1546, 1409
-606, -1932, 1504
-700, -1998, 1449
-743, -1943, 1268
-591, -1363, 1093
-449, -756, 798
-276, -229, 688
-276, -229, 688
-159, 115, 804
-83, 356, 910
2, 400, 996
-,-,-
248, -243, -475
151, -583, -721
-26, -716, -419
-151, -759, 217
-222, -732, 484
-189, -676, 298
-189, -676, 298
-123, -611, 272
-136, -624, 646
-251, -620, 1135
-335, -734, 1295
-417, -813, 1328
-460, -965, 1349
-515, -1223, 1507
-605, -1579, 1745
-771, -1982, 1986
-914, -1998, 1905
-922, -1998, 1629
-788, -1893, 1397
-565, -1296, 1171
-413, -767, 1025
-290, -310, 861
-122, 37, 663
-4, 277, 575
124, 432, 490
181, 441, 405
236, 449, 508
-,-,-
110, -796, -107
110, -796, -107
-9, -954, -323
-139, -885, -271
-206, -679, 15
-202, -561, 335
-264, -696, 567
-235, -704, 610
-168, -777, 715
-165, -826, 1169
-238, -863, 1471
-336, -1071, 1495
-383, -1237, 1486
-386, -1507, 1476
-421, -1912, 1594
-500, -1998, 1586
-515, -1998, 1247
-460, -1961, 870
-412, -1671, 907
-368, -1355, 1033
-348, -846, 939
-224, -228, 816
-51, 200, 753
62, 419, 787
62, 419, 787
141, 475, 753
198, 446, 646
-,-,-
212, -556, -241
193, -680, -309
-45, -636, -388
-216, -631, -278
-276, -692, 111
-282, -806, 552
-282, -806, 552
-298, -833, 837
-347, -729, 966
-343, -618, 1064
-353, -965, 1075
-379, -1354, 1145
-491, -1584, 1229
-607, -1736, 1264
-648, -1877, 1488
-683, -1998, 1771
-816, -1998, 1671
-907, -1998, 1147
-691, -656, 1254
-691, -656, 1254
-502, 38, 1347
-373, 250, 1139
-211, 285, 796
-63, 383, 586
74, 474, 465
172, 566, 493
263, 674, 520
263, 674, 520
356, 732, 491
-,-,-
252, -617, 65
192, -583, -259
102, -620, -533
-27, -566, -584
-122, -407, -440
-138, -433, -65
-81, -552, 321
-178, -831, 552
-327, -1061, 828
-360, -1090, 1207
-328, -1043, 1440
-335, -1119, 1528
-382, -1244, 1520
-361, -1254, 1532
-329, -1408, 1571
-462, -1805, 1773
-628, -1998, 1856
-832, -1998, 1575
-749, -1992, 1001
-523, -1463, 902
-385, -835, 991
-218, -252, 838
-44, -24, 436
91, 89, 219
91, 89, 219
177, 240, 264
236, 361, 331
308, 484, 335
308, 484, 335
386, 710, 439
-,-,-
393, -478, -210
393, -478, -397
220, -591, -397
10, -557, -400
-161, -494, -479
-377, -493, -332
-377, -851, 238
-290, -1058, 813
-309, -1228, 1217
-405, -1298, 1243
-467, -1161, 1203
-457, -1173, 1483
-417, -1291, 1740
-460, -1315, 1658
-530, -1697, 1404
-643, -1998, 1420
-795, -1998, 1390
-858, -1972, 1261
-833, -1530, 973
-701, -799, 933
-475, -14, 987
-256, 465, 815
-94, 524, 653
-1, 627, 771
122, 688, 912
218, 621, 850
218, 621, 850
-,-,-
406, -371, -55
249, -561, -299
139, -657, -462
17, -635, -433
-143, -644, -514
-325, -681, -249
-364, -762, 266
-253, -734, 538
-190, -882, 544
-243, -1030, 816
-317, -1072, 1332
-365, -1140, 1685
-443, -1206, 1757
-474, -1362, 1760
-489, -1771, 1788
-508, -1998, 1687
-601, -1998, 1341
-569, -1998, 1099
-460, -1645, 864
-388, -1152, 846
-284, -582, 917
-116, -90, 990
20, 210, 860
69, 324, 775
69, 324, 775
106, 356, 750
165, 419, 741
184, 462, 763
-,-,-
294, -281, -252
126, -620, -656
-63, -1080, -880
-198, -1157, -649
-281, -1038, -276
-242, -1037, -65
-237, -938, 279
-276, -704, 796
-390, -606, 1253
-497, -968, 1575
-511, -1380, 1860
-462, -1573, 1850
-427, -1658, 1759
-400, -1885, 1729
-362, -1998, 1546
-315, -1998, 1253
-312, -1939, 1038
-323, -1337, 952
-263, -733, 923
-96, -344, 944
18, -104, 857
101, 52, 729
176, 44, 611
-,-,-
511, 93, -109
350, -67, -488
350, -67, -488
15, -316, -711
-210, -760, -502
-240, -1004, -42
-131, -1076, 265
-96, -977, 263
-210, -968, 419
-395, -1079, 871
-438, -1174, 1433
-409, -1140, 1656
-367, -1080, 1476
-316, -998, 1196
-286, -993, 1057
-300, -1261, 1146
-389, -1719, 1362
-693, -1998, 1397
-1057, -1998, 1112
-1103, -1977, 703
-847, -1239, 1009
-675, -486, 1291
-453, -227, 1286
-227, 194, 982
-16, 468, 616
167, 626, 488
277, 621, 437
356, 660, 341
-,-,-
306, -765, -691
262, -1047, -740
140, -973, -378
50, -785, -385
-73, -623, -739
-243, -566, -654
-343, -524, -241
-345, -537, 364
-295, -492, 748
-295, -492, 748
-220, -466, 1285
-242, -549, 1637
-367, -692, 1601
-455, -863, 1700
-492, -935, 1833
-493, -934, 1597
-554, -1167, 1568
-631, -1568, 1707
-682, -1843, 1681
-753, -1998, 1542
-852, -1998, 1245
-852, -1835, 784
-715, -842, 834
-493, 139, 1118
-213, 618, 1202
-163, 631, 954
-60, 599, 824
47, 501, 820
145, 465, 872
145, 465, 872
-,-,-
171, -589, -1
60, -751, -195
-114, -975, -197
-317, -1104, -249
-395, -1199, -357
-428, -1079, 41
-352, -799, 243
-251, -482, 357
-112, -334, 511
-98, -259, 1036
-179, -165, 1430
-330, -186, 1666
-459, -621, 1769
-541, -1024, 1775
-609, -1410, 1696
-701, -1706, 1759
-881, -1975, 1996
-1005, -1998, 1998
-1007, -1974, 1944
-982, -1453, 1537
-714, -655, 912
-330, -31, 962
-180, 45, 780
-151, 30, 689
-74, 109, 690
-74, 109, 690
14, 347, 682
92, 512, 685
198, 721, 636
310, 827, 489
-,-,-
326, -681, 134
384, -663, 58
263, -778, -59
202, -949, -168
104, -938, -309
-28, -884, -332
-28, -884, -332
-181, -884, -346
-211, -953, -291
-203, -1080, -118
-358, -1282, 392
-500, -1311, 937
-529, -1010, 1439
-353, -495, 1823
-168, -312, 1715
-110, -377, 1588
-98, -522, 1486
-70, -692, 1529
-117, -849, 1715
-298, -1366, 1863
-506, -1949, 1927
-615, -1998, 1616
-486, -1998, 1174
-434, -1786, 934
-440, -1117, 1127
-430, -446, 1248
-352, 8, 1118
-250, 242, 748
-143, 403, 422
15, 520, 254
154, 708, 164
154, 708, 164
261, 904, 181
-,-,-
238, -524, -127
12, -655, -441
12, -655, -441
-92, -596, -423
-116, -565, -182
-117, -630, -158
-68, -419, 338
43, -207, 561
98, -285, 747
32, -417, 1025
-110, -487, 1271
-303, -809, 1465
-483, -1227, 1586
-672, -1847, 1638
-906, -1998, 1713
-985, -1998, 1490
-937, -1998, 1296
-772, -1680, 1162
-613, -889, 1258
-502, -356, 1123
-407, -148, 911
-251, 200, 985
23, 413, 951
23, 413, 951
190, 607, 746
359, 756, 674
457, 686, 578
510, 519, 559
510, 519, 559
-,-,-
293, -432, -151
174, -348, -441
51, -471, -805
51, -471, -805
-58, -563, -776
-132, -429, -409
-120, -338, -162
-70, -355, 170
-14, -511, 518
-83, -821, 884
-227, -1061, 1104
-362, -1147, 1105
-434, -1277, 1324
-491, -1533, 1568
-543, -1723, 1481
-656, -1984, 1405
-754, -1998, 1260
-723, -1998, 952
-700, -1976, 874
-589, -1596, 860
-427, -1006, 837
-236, -438, 848
-50, -36, 794
27, 177, 762
27, 177, 782
51, 178, 782
-,-,-
221, -656, -49
221, -656, -49
173, -586, 11
90, -617, -99
38, -734, -228
-34, -898, -198
0, -918, -71
0, -918, -71
39, -735, 156
53, -591, 472
22, -524, 842
-13, -508, 902
-17, -553, 908
-17, -553, 908
-44, -675, 1042
-156, -1108, 1238
-297, -1514, 1360
-474, -1979, 1450
-550, -1998, 1450
-567, -1998, 1588
-579, -1998, 1652
-555, -1969, 1459
-246, -1449, 776
-246, -793, 776
-55, -400, 562
76, -33, 625
-,-,-
204, -857, -204
61, -896, -125
-30, -776, -90
-57, -666, -17
-50, -594, 39
-50, -594, 39
21, -501, 229
42, -421, 426
-50, -477, 704
-247, -761, 1151
-419, -1082, 1500
-534, -1446, 1833
-579, -1479, 1877
-580, -1476, 1623
-553, -1868, 1425
-573, -1998, 1383
-583, -1985, 1255
-586, -1710, 975
-478, -1285, 728
-266, -800, 671
-58, -454, 745
55, -197, 729
137, 22, 719
137, 22, 719
196, 108, 749
246, 166, 756
281, 194, 699
-,-,-
167, -434, -157
59, -537, -240
-104, -658, -265
-179, -659, -25
-86, -761, 95
-52, -910, 340
-147, -796, 491
-237, -691, 858
-379, -805, 1515
-555, -988, 1930
-675, -1233, 1998
-764, -1548, 1968
-842, -1948, 1882
-725, -1978, 1583
-520, -1710, 1288
-409, -1593, 990
-369, -1418, 933
-228, -933, 836
-91, -585, 697
24, -285, 612
24, -285, 612
103, 31, 699
217, 161, 707
-,-,-
474, -356, -372
463, -280, -580
323, -242, -653
159, -247, -577
10, -329, -374
-38, -453, -184
-48, -568, -120
-90, -625, -14
-90, -625, -14
-172, -601, 271
-190, -736, 608
-219, -994, 987
-264, -1258, 1144
-367, -1473, 1073
-460, -1591, 1199
-540, -1785, 1503
-564, -1951, 1527
-529, -1978, 1323
-484, -1919, 1038
-458, -1838, 883
-444, -1651, 886
-499, -1562, 971
-465, -1187, 881
-328, -514, 844
-86, 52, 870
-,-,-
472, -415, -404
431, -100, -505
348, -280, -600
211, -562, -478
50, -673, -376
-58, -625, -430
-143, -528, -513
-154, -784, -397
-75, -1087, 118
-55, -1186, 645
-49, -1155, 668
-95, -1092, 691
-158, -1412, 979
-222, -1798, 1241
-332, -1998, 1508
-440, -1998, 1213
-501, -1998, 687
-444, -1998, 555
-389, -1854, 670
-295, -1451, 816
-172, -917, 839
-42, -382, 896
-42, -382, 896
148, -43, 939
289, 142, 798
357, 224, 624
379, 187, 471
425, 168, 340
-,-,-
155, -494, -315
48, -369, -597
-173, -618, -698
-339, -961, -412
-251, -1120, -9
-166, -1033, 430
-139, -870, 650
-130, -721, 734
-217, -802, 780
-330, -1256, 1070
-419, -1644, 1399
-514, -1976, 1456
-526, -1835, 995
-535, -1923, 797
-596, -1998, 1043
-938, -1998, 1190
-1269, -1975, 572
-1106, -866, 519
-332, 267, 820
152, 666, 1124
461, 803, 1256
544, 635, 935
544, 635, 935
489, 217, 531
501, -84, 439
533, -7, 598
-,-,-
423, 33, -347
423, 33, -347
255, -53, -600
32, -234, -702
-119, -277, -514
-273, -573, -251
-279, -1213, 195
-337, -1514, 624
-368, -1415, 857
-302, -1333, 851
-298, -1300, 707
-373, -1236, 584
-485, -1447, 792
-567, -1937, 1173
-608, -1998, 971
-584, -1829, 250
-592, -1957, 218
-735, -1998, 531
-977, -1998, 603
-1084, -1575, 722
-864, -543, 777
-343, 153, 909
5, 511, 1064
5, 511, 1064
269, 728, 1084
365, 785, 950
477, 624, 732
497, 452, 559
497, 452, 559
-,-,-
485, -456, -178
475, -440, -317
327, -407, -613
178, -337, -829
-33, -294, -763
-255, -310, -642
-375, -608, -388
-355, -944, 86
-323, -973, 409
-357, -928, 402
-357, -928, 402
-480, -1193, 681
-548, -1660, 1039
-645, -1989, 1122
-650, -1952, 742
-669, -1979, 700
-647, -1998, 743
-706, -1998, 810
-882, -1993, 696
-893, -1386, 660
-624, -694, 899
-312, -394, 1010
-91, -209, 996
37, 167, 1023
163, 445, 1005
-,-,-
422, -258, -513
330, -263, -510
95, -84, -593
95, -84, -593
-79, -178, -719
-332, -177, -784
-514, -332, -193
-559, -1055, 536
-543, -1391, 757
-565, -1503, 1053
-595, -1792, 1085
-642, -1709, 470
-680, -1633, 481
-730, -1864, 684
-841, -1998, 704
-972, -1998, 618
-969, -1954, 236
-866, -1621, 342
-682, -1149, 627
-437, -683, 736
-248, -292, 1052
-136, -101, 1004
94, 93, 767
281, 279, 684
418, 342, 544
-,-,-
235, -843, 55
223, -578, 16
171, -550, -128
64, -656, -284
-71, -714, -375
-207, -722, -286
-209, -761, 221
-198, -667, 632
-198, -667, 632
-181, -576, 792
-215, -534, 979
-258, -721, 1208
-326, -930, 1357
-382, -965, 1475
-396, -1036, 1555
-477, -1440, 1499
-574, -1935, 1519
-711, -1998, 1461
-777, -1998, 1350
-687, -1772, 1266
-524, -1220, 1273
-388, -829, 1038
-201, -401, 776
6, -104, 637
102, -60, 631
162, 63, 671
214, 256, 700
255, 369, 766
-,-,-
213, -944, -8
227, -890, -153
196, -635, -266
122, -504, -386
122, -504, -386
-101, -539, -522
-330, -1069, -505
-332, -1535, 114
-272, -1461, 610
-216, -1106, 894
-113, -695, 1115
1, -460, 1359
11, -394, 1398
-125, -907, 1390
-330, -1809, 1431
-581, -1998, 1203
-734, -1998, 813
-789, -1998, 673
-693, -1870, 646
-505, -1241, 787
-387, -742, 938
-217, -202, 936
68, 225, 972
220, 369, 855
220, 369, 855
312, 394, 615
379, 392, 464
440, 414, 429
-,-,-
82, -938, -370
36, -1010, -440
-24, -989, -536
-119, -853, -568
-175, -640, -346
-245, -692, 96
-280, -1083, 480
-309, -1253, 715
-234, -1150, 717
-114, -1065, 615
-200, -1135, 793
-377, -1489, 1153
-506, -1931, 1536
-668, -1998, 1642
-722, -1998, 1219
-729, -1998, 913
-561, -1801, 390
-546, -1533, 582
-399, -888, 695
-227, -405, 646
-45, -202, 667
-45, -202, 667
106, 147, 839
222, 469, 1032
355, 576, 913
-,-,-
57, -581, 309
53, -466, 434
-51, -464, 183
-151, -494, 296
-211, -494, 320
-211, -415, 320
-165, -357, 268
-68, -337, 198
25, -358, 250
98, -476, 538
10, -665, 997
-322, -1055, 1363
-578, -1372, 1899
-732, -1579, 1998
-871, -1553, 1998
-773, -1359, 1998
-605, -1309, 1898
-461, -1075, 1843
-400, -809, 1702
-301, -581, 1414
-233, -363, 982
-129, -143, 715
35, 174, 742
35, 174, 742
208, 448, 638
-,-,-
-215, -420, -176
-185, -506, -221
-203, -376, 93
-203, -376, 93
-268, -325, 633
-352, -454, 1169
-514, -579, 1618
-612, -631, 1880
-730, -734, 1998
-836, -939, 1998
-979, -1175, 1998
-1029, -1491, 1997
-1138, -1668, 1992
-1201, -1722, 1873
-1028, -1407, 1437
-549, -590, 1132
-279, -271, 1144
-171, -150, 978
-171, -150, 978
-74, -11, 779
-,-,-
157, -327, -554
1, -350, -599
1, -350, -599
-240, -295, -380
-399, -414, -366
-501, -653, -316
-495, -772, 136
-341, -679, 694
-121, -640, 982
50, -585, 1030
150, -365, 1141
43, -455, 1412
-349, -1105, 1952
-880, -1912, 1998
-1219, -1998, 1998
-1082, -1978, 1998
-764, -1545, 1847
-584, -1259, 1400
-397, -1038, 1164
-245, -723, 900
-140, -354, 663
-,-,-
-12, -555, -66
-6, -601, -301
-119, -513, -467
-225, -352, -516
-356, -347, -199
-497, -339, 203
-462, -500, 488
-462, -500, 488
-378, -517, 975
-194, -463, 1171
-43, -393, 1380
31, -455, 1480
-188, -781, 1602
-614, -1295, 1847
-1063, -1911, 1998
-1232, -1942, 1998
-1122, -1746, 1993
-1161, -1744, 1998
-682, -735, 1223
-682, -735, 1223
-390, -367, 1116
-160, -55, 909
74, 223, 765
258, 514, 612
415, 669, 425
548, 656, 434
-,-,-
-299, -861, -139
-301, -736, -374
-556, -717, -541
-774, -676, -872
-731, -621, -717
-578, -587, 498
-484, -552, 992
-337, -323, 787
-179, -103, 917
-135, -87, 1224
-430, -322, 1700
-825, -663, 1998
-1109, -1005, 1998
-1412, -1565, 1998
-1601, -1979, 1990
-1778, -1998, 1907
-1595, -1787, 1568
-1529, -1417, 1527
-1563, -1032, 1330
-1003, -54, 1228
-436, 719, 1307
182, 866, 890
399, 708, 607
-,-,-
-240, -1018, -92
-325, -874, -124
-454, -611, -13
-506, -524, -96
-730, -671, -138
-864, -854, 236
-733, -805, 983
-592, -745, 1364
-450, -442, 1224
-230, -190, 1078
-198, -186, 1382
-356, -435, 1806
-671, -811, 1817
-1137, -1484, 1895
-1631, -1994, 1780
-1840, -1998, 1391
-1804, -1944, 1217
-1411, -1214, 968
-910, -424, 1012
-524, 34, 956
-251, 128, 1093
-,-,-
-313, -172, -554
-683, -583, -368
-817, -671, 384
-728, -845, 1052
-506, -767, 1036
-299, -341, 471
-246, -187, 641
-246, -187, 641
-314, -242, 1195
-369, -277, 1505
-410, -298, 1696
-515, -546, 1953
-667, -789, 1998
-1160, -1459, 1998
-1768, -1978, 1998
-1855, -1846, 1885
-1307, -464, 1998
-1027, 261, 1879
-669, 413, 1365
-215, 695, 870
-215, 695, 870
143, 779, 505
327, 799, 577
546, 843, 523
-,-,-
66, -478, 242
-252, -944, -179
-486, -1041, -261
-518, -853, -182
-547, -600, -358
-613, -296, -221
-671, -124, 130
-650, -326, 684
-663, -617, 1492
-686, -764, 1458
-572, -668, 1248
-361, -489, 1250
-230, -375, 1198
-351, -602, 1497
-973, -1556, 1984
-1844, -1998, 1998
-1916, -1944, 1843
-1609, -1574, 1375
-1356, -1158, 1364
-1324, -843, 1037
-868, 66, 969
-77, 835, 990
315, 1018, 936
425, 936, 920
550, 780, 662
-,-,-
31, -525, 402
-164, -774, 12
-496, -993, -329
-531, -868, 27
-515, -793, 149
-515, -793, 149
-570, -620, 80
-635, -429, 6
-642, -467, 192
-574, -454, 990
-506, -557, 1285
-406, -598, 936
-341, -469, 1348
-371, -457, 1723
-663, -970, 1921
-1266, -1647, 1998
-1805, -1972, 1998
-1972, -1996, 1877
-1729, -1602, 1513
-1106, -697, 1428
-548, -21, 1036
-189, 300, 914
45, 311, 994
-2, 75, 917
-2, 75, 917
15, 150, 677
220, 405, 757
-,-,-
-2, -465, -1
-78, -663, -219
-435, -825, -423
-636, -725, -332
-760, -682, -147
-831, -762, 5
-818, -875, 324
-818, -875, 324
-677, -799, 812
-511, -616, 943
-211, -221, 1308
19, 118, 1531
4, 168, 1806
-164, -70, 1998
-400, -561, 1998
-835, -1217, 1998
-1259, -1750, 1998
-1572, -1998, 1998
-1402, -1715, 1795
-933, -949, 1026
-586, -535, 813
-625, -628, 1069
-568, -285, 1186
-254, 345, 1150
-29, 845, 800
261, 1176, 457
552, 1184, 598
-,-,-
-224, -828, 146
-401, -921, -223
-601, -773, -441
-583, -597, -137
-532, -678, 396
-419, -555, 787
-255, -474, 725
-283, -585, 671
-288, -641, 952
-310, -636, 1307
-451, -757, 1586
-742, -1243, 1991
-975, -1639, 1998
-1024, -1772, 1998
-1242, -1983, 1989
-1197, -1934, 1415
-895, -1468, 856
-673, -1093, 948
-551, -644, 921
-324, -87, 986
-33, 344, 985
213, 622, 884
-,-,-
26, -833, 181
-170, -892, -184
-323, -774, -205
-427, -634, -275
-546, -595, -467
-645, -521, -353
-588, -531, 115
-407, -627, 698
-407, -627, 698
-346, -578, 976
-247, -489, 1036
-248, -573, 1566
-305, -641, 1725
-525, -891, 1956
-756, -1260, 1998
-1079, -1877, 1998
-1341, -1998, 1996
-1199, -1881, 1779
-721, -724, 1167
-433, -302, 1127
-240, -302, 1191
-240, -4, 1191
-,-,-
216, -368, 8
110, -291, -194
-181, -442, -236
-378, -617, -121
-451, -776, 140
-522, -775, 562
-448, -613, 666
-210, -411, 660
100, -296, 754
226, -250, 1009
137, -336, 1375
137, -336, 1375
-137, -621, 1609
-466, -1117, 1869
-803, -1768, 1998
-1104, -1998, 1998
-952, -1715, 1456
-653, -1238, 1484
-416, -853, 1531
-460, -763, 1277
-331, -425, 979
-331, -425, 979
-242, -74, 881
-138, 216, 880
64, 588, 812
-,-,-
-11, -648, 346
-246, -739, 202
-596, -975, 89
-596, -975, 89
-785, -1066, -255
-690, -709, -62
-539, -584, 9
-348, -574, -58
-223, -504, 137
-164, -427, 646
-224, -375, 1252
-493, -536, 1839
-630, -887, 1998
-840, -1363, 1998
-848, -1529, 1998
-974, -1771, 1963
-1263, -1998, 1728
-1182, -1833, 1847
-914, -1042, 1875
-667, -366, 1485
-410, 84, 1177
-198, 301, 966
-,-,-
23, -431, -98
-415, -687, -457
-684, -803, -498
-770, -902, -427
-790, -978, -50
-790, -978, -50
-682, -804, 309
-493, -680, 515
-266, -452, 647
57, -176, 819
200, 14, 1050
111, 41, 1369
-231, -270, 1945
-724, -1012, 1998
-1077, -1746, 1998
-1183, -1985, 1991
-1126, -1884, 1808
-1045, -1733, 1667
-1011, -1566, 1674
-795, -1036, 1329
-578, -583, 1015
-442, -237, 993
-279, 155, 934
-,-,-
47, -660, 329
-178, -1167, 224
-246, -1080, 348
-184, -781, 365
-278, -640, 188
-456, -610, -129
-539, -659, -182
-444, -654, 16
-444, -654, 16
-282, -689, 500
-68, -586, 988
93, -273, 1180
79, -250, 1121
-121, -566, 1634
-354, -988, 1996
-533, -1386, 1998
-580, -1494, 1998
-703, -1483, 1998
-816, -1528, 1998
-743, -1428, 1820
-605, -1235, 1447
-458, -980, 982
-336, -581, 845
-198, -286, 585
-91, -57, 454
-45, 85, 439
-45, 85, 439
-,-,-
-101, -884, 347
-157, -931, 385
-240, -1067, 132
-294, -1042, 108
-339, -938, 184
-368, -750, 162
-244, -563, 77
-104, -378, 213
-67, -345, 516
-269, -595, 1145
-397, -809, 1773
-262, -770, 1962
-124, -747, 1998
-45, -799, 1998
-281, -1123, 1998
-650, -1622, 1998
-877, -1965, 1998
-897, -1837, 1919
-632, -1204, 1431
-365, -551, 1198
-156, -177, 974
17, 123, 788
17, 123, 788
215, 333, 515
302, 337, 283
335, 210, 225
-,-,-
-62, -572, 63
-107, -571, -62
-326, -733, 0
-326, -733, 0
-450, -724, -211
-442, -569, -387
-388, -338, -144
-293, -273, 66
-231, -332, 543
-233, -492, 1124
-201, -645, 1389
-351, -761, 1730
-602, -863, 1998
-789, -1201, 1998
-947, -1548, 1998
-1055, -1587, 1998
-1245, -1848, 1998
-1360, -1935, 1775
-1078, -1348, 1287
-803, -788, 995
-422, -160, 871
-126, 313, 1170
123, 717, 1284
297, 848, 1022
328, 763, 713
-,-,-
-207, -709, -550
-285, -633, -600
-364, -606, -83
-496, -864, 400
-540, -887, 765
-463, -694, 809
-278, -453, 815
-278, -453, 815
-178, -271, 1137
-152, -210, 1372
-121, -305, 1624
-138, -520, 1932
-311, -964, 1998
-763, -1625, 1998
-1165, -1989, 1998
-1173, -1916, 1998
-592, -966, 1618
-518, -822, 1193
-482, -542, 1009
-358, -106, 804
-358, -106, 804
-109, 304, 675
60, 623, 821
319, 895, 830
-,-,-
-484, -774, 49
-465, -742, -88
-571, -655, 137
-593, -605, 560
-584, -649, 672
-614, -847, 848
-713, -994, 1051
-830, -986, 1153
-692, -613, 1687
-692, -613, 1687
-406, -270, 1978
-11, -89, 1998
186, -85, 1955
203, -208, 1624
52, -621, 1613
-436, -1328, 1960
-1005, -1908, 1998
-985, -1681, 1817
-802, -1285, 1417
-545, -963, 1102
-384, -605, 1191
-280, -261, 1147
-177, 76, 934
-49, 264, 781
-,-,-
-127, -928, 563
-76, -895, -1
-244, -795, -23
-312, -692, 94
-444, -784, 202
-444, -784, 202
-589, -854, 314
-658, -833, 559
-639, -768, 756
-529, -648, 889
-293, -501, 1000
-171, -342, 925
-9, -196, 1376
-6, -271, 1924
-34, -380, 1998
-44, -464, 1998
-112, -682, 1998
-364, -985, 1998
-644, -1289, 1998
-853, -1567, 1992
-846, -1404, 1730
-739, -1117, 1341
-581, -698, 1072
-,-,-
116, -566, 37
116, -566, 37
-246, -769, -209
-545, -964, -211
-698, -1156, -277
-805, -1160, 209
-800, -1083, 783
-655, -898, 918
-420, -555, 978
-137, -295, 1072
-96, -214, 1360
-131, -235, 1599
-212, -279, 1731
-256, -497, 1793
-266, -709, 1905
-511, -1211, 1987
-1041, -1893, 1998
-1467, -1998, 1917
-1359, -1848, 1816
-880, -978, 1766
-407, -367, 1378
-200, -221, 1090
-21, -112, 737
19, 25, 580
-,-,-
-36, -708, -98
-36, -708, -98
-170, -635, -303
-374, -684, -306
-673, -766, -140
-949, -770, 166
-948, -826, 319
-803, -722, 562
-585, -509, 1208
-359, -437, 1686
-223, -455, 1819
-307, -665, 1961
-639, -1076, 1998
-984, -1483, 1998
-1022, -1527, 1998
-918, -1431, 1993
-834, -1427, 1693
-803, -1398, 1266
-723, -1110, 981
-528, -565, 798
-257, -15, 869
-39, 334, 869
132, 595, 771
-,-,-
116, -577, -298
27, -756, -765
-241, -730, -595
-347, -550, -310
-391, -462, -212
-405, -442, 94
-455, -560, 307
-453, -751, 283
-453, -751, 283
-531, -917, 481
-512, -805, 1007
-544, -675, 1458
-588, -634, 1927
-611, -758, 1998
-777, -1077, 1998
-921, -1452, 1998
-1144, -1840, 1998
-1069, -1660, 1998
-786, -1056, 1692
-529, -750, 1204
-369, -477, 1070
-260, -158, 926
-260, -158, 926
-,-,-
-122, -525, 29
-122, -525, 29
-314, -647, -469
-431, -706, -894
-533, -675, -722
-514, -600, -36
-468, -629, 506
-485, -705, 714
-645, -897, 1022
-804, -1008, 1553
-851, -1027, 1957
-751, -943, 1836
-646, -903, 1629
-521, -1014, 1398
-630, -1342, 1509
-949, -1789, 1469
-1191, -1976, 1460
-1293, -1840, 1435
-1155, -1517, 1137
-579, -959, 1042
-579, -543, 1042
-393, -215, 1101
-,-,-
222, -357, -395
181, -265, -421
-108, -459, -746
-425, -663, -745
-537, -709, -530
-605, -822, 192
-544, -805, 618
-440, -620, 790
-385, -334, 1093
-403, -322, 1246
-540, -487, 1542
-619, -568, 1785
-685, -681, 1988
-721, -821, 1998
-850, -1134, 1998
-1184, -1650, 1998
-1439, -1917, 1993
-1261, -1614, 1757
-992, -1241, 1553
-757, -765, 1249
-540, -346, 1022
-286, -51, 916
-,-,-
-174, -825, -184
-174, -825, -184
-301, -815, -359
-448, -721, -452
-412, -681, -279
-426, -804, 224
-449, -762, 577
-407, -631, 809
-417, -329, 1148
-416, -210, 1582
-488, -378, 1957
-453, -555, 1998
-389, -614, 1959
-397, -621, 1854
-368, -652, 1973
-521, -842, 1998
-868, -1385, 1998
-1088, -1623, 1963
-958, -1364, 1558
-829, -1017, 1496
-661, -645, 1392
-443, -269, 1208
-283, 33, 976
-90, 341, 695
111, 583, 729
258, 764, 801
258, 764, 801
-,-,-
-350, -818, 61
-447, -829, -104
-435, -602, -3
-385, -522, 258
-385, -522, 258
-339, -393, 849
-315, -257, 1154
-396, -401, 1056
-554, -582, 1346
-584, -671, 1688
-556, -635, 1954
-513, -562, 1998
-547, -654, 1998
-634, -961, 1998
-774, -1279, 1982
-870, -1484, 1750
-783, -1292, 1533
-695, -954, 1578
-594, -708, 1559
-479, -489, 1264
-353, -380, 791
-246, -216, 676
-95, -21, 611
155, 376, 654
-,-,-
-327, -1029, 318
-428, -1063, -58
-494, -910, -193
-548, -796, 86
-576, -789, 256
-576, -789, 256
-622, -774, 676
-608, -657, 1352
-618, -556, 1580
-559, -446, 1544
-428, -346, 1710
-290, -318, 1683
-134, -265, 1882
-84, -348, 1994
-304, -576, 1998
-779, -1206, 1998
-828, -1495, 1998
-651, -1128, 1998
-487, -640, 1812
-381, -504, 1346
-353, -487, 1070
-292, -317, 807
-122, -81, 669
-,-,-
-358, -1020, 180
-457, -1037, -20
-469, -758, 130
-468, -500, 307
-546, -531, 523
-546, -531, 523
-630, -556, 831
-608, -489, 1417
-589, -491, 1583
-425, -427, 1548
-285, -346, 1693
-229, -362, 1738
-198, -467, 1624
-261, -586, 1825
-528, -929, 1990
-894, -1428, 1998
-1068, -1574, 1953
-946, -1370, 1567
-760, -1104, 1497
-607, -721, 1553
-442, -294, 1416
-344, -69, 1324
-,-,-
-198, -694, -118
-217, -735, -27
-273, -795, -19
-466, -854, 26
-532, -907, -180
-501, -836, 368
-400, -683, 837
-381, -460, 999
-345, -264, 1355
-389, -98, 1821
-550, -153, 1998
-570, -247, 1998
-502, -321, 1982
-416, -408, 1886
-472, -711, 1917
-767, -1252, 1998
-1171, -1596, 1998
-1186, -1305, 1950
-774, -583, 1656
-396, -160, 1437
-219, -70, 1196
-100, -51, 1037
1, 152, 1003
-,-,-
-841, -1096, 56
-1056, -1263, 405
-980, -916, 605
-854, -443, 857
-796, -175, 1189
-650, 0, 1837
-706, -271, 1819
-775, -615, 1436
-599, -470, 1589
-398, -151, 1822
-187, 37, 1821
-97, -7, 1796
-97, -7, 1796
-197, -313, 1943
-487, -869, 1998
-896, -1346, 1998
-987, -1231, 1998
-825, -890, 1969
-533, -580, 1496
-343, -494, 1038
-284, -410, 935
-236, -174, 913
-147, 22, 846
-,-,-
-152, -818, 128
-410, -1009, 15
-648, -904, 1
-648, -904, 1
-562, -592, 117
-558, -398, 692
-722, -298, 982
-852, -357, 998
-906, -557, 1440
-859, -715, 1432
-648, -499, 1510
-394, -192, 1774
-199, 23, 1878
-152, -60, 1871
-247, -446, 1997
-614, -1024, 1998
-1085, -1562, 1998
-1179, -1419, 1998
-920, -826, 1994
-645, -294, 1761
-473, 78, 1340
-,-,-
-268, -905, 102
-288, -1026, 179
-505, -1093, 0
-685, -1011, -160
-689, -674, 142
-681, -297, 702
-589, -94, 1008
-552, -294, 1076
-539, -452, 1424
-462, -387, 1621
-309, -219, 1886
-326, -283, 1975
-461, -496, 1998
-598, -764, 1998
-662, -947, 1998
-756, -1215, 1998
-1067, -1546, 1998
-1134, -1480, 1888
-963, -1133, 1679
-730, -694, 1448
-518, -239, 1259
-328, 88, 1058
-,-,-
74, -519, -112
-38, -523, -124
-260, -671, -232
-423, -869, -282
-543, -904, -193
-645, -873, 107
-693, -809, 471
-710, -738, 900
-788, -668, 1115
-645, -390, 1603
-511, -216, 1964
-413, -210, 1806
-325, -294, 1743
-243, -348, 1844
-202, -460, 1970
-451, -880, 1998
-846, -1172, 1998
-970, -1113, 1998
-927, -881, 1883
-696, -908, 1123
-516, -841, 784
-331, -399, 879
-209, 162, 815
-68, 807, 591
-,-,-
88, -693, 253
-5, -786, 178
-226, -1005, -123
-403, -1069, -540
-468, -898, -739
-685, -782, -543
-978, -800, 211
-1027, -760, 1176
-1042, -801, 1695
-916, -620, 1992
-574, -165, 1998
-115, 68, 1998
261, 75, 1998
367, -46, 1956
57, -486, 1775
57, -486, 1775
-366, -909, 1890
-755, -1312, 1998
-726, -1366, 1856
-574, -1214, 1534
-499, -1077, 1121
-390, -941, 764
-,-,-
-9, -573, 63
-157, -315, -122
-385, -135, -238
-383, -560, -227
-280, -757, 602
-280, -757, 602
-313, -670, 690
-331, -526, 439
-137, -256, 921
-36, -101, 1631
34, 18, 1978
44, -57, 1993
-76, -425, 1859
-279, -744, 1572
-497, -937, 1663
-681, -1180, 1869
-874, -1419, 1952
-821, -1382, 1904
-706, -1122, 1631
-548, -873, 1401
-418, -550, 1246
-225, -169, 994
-50, 179, 896
-50, 179, 896
20, 378, 823
128, 513, 800
-,-,-
-20, -641, -119
-180, -791, -363
-356, -709, -255
-491, -723, -173
-420, -708, 207
-354, -418, 647
-376, -353, 655
-424, -354, 701
-312, -226, 1198
-142, -226, 1555
-142, -86, 1555
-118, -142, 1707
-177, -309, 1891
-355, -614, 1985
-643, -964, 1998
-949, -1242, 1998
-874, -1062, 1998
-592, -775, 1998
-354, -533, 1723
-266, -592, 1014
-289, -238, 1111
45, 90, 877
114, 250, 820
189, 331, 773
239, 480, 674
299, 713, 496
299, 713, 496
-,-,-
-37, -580, 80
-217, -715, -255
-534, -927, -408
-577, -776, -95
-611, -706, 244
-546, -512, 808
-447, -442, 1360
-340, -555, 1170
-366, -584, 1147
-369, -529, 1382
-332, -426, 1703
-253, -385, 1907
-157, -358, 1621
-238, -535, 1708
-498, -1001, 1993
-887, -1548, 1998
-1161, -1842, 1998
-1229, -1746, 1927
-863, -974, 1560
-429, -363, 1246
-163, 138, 1078
18, 368, 726
150, 540, 713
150, 540, 713
224, 659, 596
-,-,-
-57, -555, 82
-214, -636, -150
-648, -630, -674
-937, -768, -762
-944, -891, 314
-772, -938, 1447
-748, -899, 1456
-625, -589, 1124
-444, -301, 1498
-357, -317, 1551
-235, -179, 1674
-113, -103, 1787
-128, -239, 1734
-168, -537, 1723
-359, -856, 1975
-628, -1240, 1998
-739, -1322, 1998
-710, -1164, 1881
-565, -928, 1319
-419, -794, 1013
-263, -502, 880
-77, -108, 945
-,-,-
11, -274, -77
-141, -577, -747
-679, -785, -934
-708, -753, -639
-608, -880, 188
-565, -816, 662
-408, -492, 808
-408, -492, 808
-349, -287, 1071
-270, -117, 1487
-116, -26, 1921
-86, -27, 1998
-227, -335, 1998
-497, -905, 1998
-759, -1293, 1998
-894, -1421, 1998
-816, -1397, 1997
-586, -1120, 1666
-456, -845, 1181
-381, -622, 692
-227, -209, 714
-76, 351, 836
-,-,-
134, -458, 190
-54, -617, -141
-193, -598, -561
-343, -690, -987
-506, -744, -583
-486, -711, 115
-445, -729, 487
-445, -729, 487
-360, -577, 708
-249, -269, 1191
-152, -80, 1617
-100, -122, 1890
-90, -313, 1998
-143, -461, 1998
-290, -755, 1998
-648, -1345, 1998
-893, -1603, 1998
-869, -1545, 1979
-670, -1134, 1810
-431, -765, 1535
-333, -623, 1257
-175, -265, 1144
-71, 64, 1033
-,-,-
-21, -753, -72
-352, -1155, -541
-470, -1073, -634
-522, -1004, -131
-518, -858, 402
-401, -579, 647
-234, -257, 526
-126, -88, 538
-230, -211, 939
-319, -215, 1323
-418, -252, 1675
-415, -223, 1988
-456, -291, 1998
-516, -453, 1998
-596, -736, 1998
-651, -1008, 1998
-760, -1275, 1960
-802, -1469, 1539
-663, -1225, 1342
-429, -762, 1299
-250, -359, 1373
-212, -5, 1398
-203, 283, 1046
-88, 558, 790
-,-,-
187, -266, 361
183, -303, 108
-262, -581, -67
-569, -929, -102
-517, -1044, -13
-454, -888, 86
-412, -632, 415
-388, -383, 949
-388, -383, 949
-529, -493, 1655
-573, -536, 1997
-470, -285, 1998
-335, -226, 1922
-154, -273, 1660
-32, -327, 1610
8, -336, 1651
-40, -454, 1692
-181, -721, 1879
-434, -1097, 1998
-460, -1143, 1998
-399, -1043, 1913
-361, -1061, 1370
-359, -995, 893
-265, -688, 655
48, -6, 556
211, 499, 660
299, 752, 681
299, 752, 681
320, 835, 617
-,-,-
-62, -434, 199
-253, -756, -259
-393, -841, -355
-373, -643, 121
-363, -482, 608
-274, -317, 811
-89, -188, 855
-89, -188, 855
-50, -135, 1106
-39, -67, 1568
55, -89, 1925
46, -239, 1998
-71, -581, 1998
-310, -1063, 1998
-541, -1432, 1998
-701, -1495, 1998
-634, -1288, 1947
-325, -821, 1619
-151, -533, 1277
-127, -496, 1020
-124, -303, 942
-97, -32, 1063
-30, 353, 1014
-30, 353, 1014
48, 628, 816
-,-,-
363, 717, 228
-,-,-
-104, -650, -20
-228, -707, -415
-438, -821, -405
-473, -724, 132
-464, -661, 657
-454, -565, 1091
-357, -269, 1238
-247, -26, 1346
-187, -11, 1701
-115, -94, 1872
-73, -140, 1989
-70, -226, 1998
-170, -481, 1998
-359, -894, 1998
-429, -1125, 1998
-434, -1133, 1994
-355, -914, 1871
-294, -648, 1554
-223, -486, 1179
-,-,-
15, -510, 101
15, -510, 101
-187, -519, 165
-423, -664, 175
-519, -649, 630
-525, -480, 1120
-500, -539, 1243
-449, -548, 1271
-345, -403, 1434
-215, -316, 1719
-104, -244, 1922
-49, -213, 1998
-7, -335, 1998
-81, -625, 1998
-353, -1078, 1998
-610, -1330, 1998
-542, -949, 1998
-342, -454, 1906
-185, -195, 1405
-,-,-
-116, -661, -254
-133, -620, -90
-277, -525, 155
-298, -506, 248
-314, -379, 725
-193, -221, 1092
-100, -150, 1310
-36, -125, 1569
-12, -125, 1702
-28, -136, 1786
-19, -221, 1880
-74, -471, 1952
-74, -471, 1952
-133, -670, 1998
-274, -815, 1998
-487, -1011, 1998
-500, -976, 1996
-339, -758, 1869
-133, -464, 1662
-52, -323, 1417
-56, -227, 1142
8, -10, 996
76, 247, 1041
145, 563, 1016
-,-,-
-17, -429, 58
-230, -742, -310
-409, -679, -337
-444, -475, -39
-485, -609, 328
-561, -719, 672
-576, -772, 799
-532, -709, 1028
-445, -578, 1620
-341, -443, 1840
-216, -340, 1857
-94, -323, 1950
-94, -323, 1950
-98, -459, 1998
-207, -765, 1998
-443, -1136, 1998
-564, -1225, 1998
-545, -1151, 1949
-498, -1032, 1625
-385, -800, 1326
-306, -535, 1125
-,-,-
-235, -560, 267
-393, -684, 152
-393, -684, 152
-673, -872, 28
-815, -1100, 354
-791, -1021, 1063
-666, -876, 1308
-528, -633, 1453
-401, -452, 1610
-306, -420, 1648
-283, -509, 1719
-244, -586, 1702
-203, -627, 1670
-248, -682, 1836
-463, -870, 1997
-753, -1183, 1998
-780, -1186, 1946
-467, -874, 1455
-297, -802, 1161
-233, -734, 933
-151, -439, 918
-35, -128, 956
27, 84, 812
141, 254, 654
141, 254, 654
-,-,-
-43, -646, 298
-74, -645, 274
-207, -545, 175
-355, -561, 124
-524, -655, 638
-478, -616, 934
-472, -536, 1046
-416, -497, 857
-277, -517, 1065
-84, -498, 1444
-65, -596, 1816
-65, -596, 1816
-303, -906, 1998
-604, -1209, 1998
-803, -1579, 1998
-740, -1586, 1998
-444, -1211, 1936
-199, -472, 1414
-199, -472, 1414
-148, -215, 1000
-118, -96, 705
39, 157, 682
252, 501, 821
-,-,-
203, -535, 172
203, -535, 172
129, -394, -162
2, -226, -402
-210, -258, -723
-376, -580, -582
-424, -777, 78
-474, -727, 360
-381, -644, 414
-163, -519, 660
43, -431, 871
43, -431, 871
70, -412, 1224
-111, -608, 1529
-355, -1081, 1857
-495, -1476, 1998
-532, -1621, 1998
-422, -1349, 1998
-278, -1121, 1998
-256, -1047, 1941
-242, -946, 1691
-253, -737, 1432
-210, -534, 1237
-194, -280, 1015
-112, -105, 805
83, 138, 679
190, 351, 530
285, 560, 482
375, 653, 327
375, 653, 327
389, 601, 208
381, 519, 101
