-,-,-
446, -70, 539
477, -7, 433
414, 10, 443
398, 2, 599
398, 2, 599
357, 124, 740
284, 239, 717
249, 394, 585
249, 394, 585
222, 602, 548
256, 779, 500
333, 794, 576
186, 597, 649
-42, 315, 692
-42, 315, 692
-228, -106, 860
-411, -545, 1215
-637, -979, 1423
-824, -1408, 1588
-919, -1830, 1771
-915, -1964, 1767
-885, -1927, 1591
-880, -1824, 1314
-796, -1690, 919
-642, -1408, 634
-464, -958, 509
-348, -671, 633
-256, -345, 919
-,-,-
364, 397, -5
325, 513, 112
245, 442, 106
176, 469, 93
176, 469, 93
189, 595, 335
95, 644, 449
81, 720, 371
155, 794, 493
155, 794, 493
163, 791, 775
-69, 479, 947
-327, -13, 1075
-496, -522, 1310
-636, -1051, 1551
-730, -1294, 1641
-725, -1405, 1600
-694, -1546, 1399
-666, -1661, 1257
-680, -1749, 999
-714, -1768, 795
-756, -1736, 717
-753, -1624, 611
-654, -1376, 457
-541, -997, 458
-450, -654, 708
-415, -235, 995
-266, 321, 1258
-173, 833, 1582
-148, 1063, 1714
-,-,-
460, 528, 153
386, 366, -224
238, 448, -453
238, 448, -453
231, 787, -39
231, 846, 325
148, 728, 474
62, 642, 300
107, 627, 268
107, 627, 268
178, 566, 533
105, 498, 741
-124, 340, 657
-290, -32, 749
-516, -501, 1028
-681, -831, 1143
-768, -1170, 1282
-950, -1725, 1296
-1150, -1998, 1339
-1207, -1998, 1501
-1210, -1998, 1510
-1103, -1873, 1364
-921, -1496, 1122
-829, -1196, 793
-746, -761, 668
-577, -254, 780
-440, 114, 883
-220, 419, 1053
-,-,-
266, 417, -17
336, 686, -98
383, 842, -49
356, 820, 214
356, 820, 214
191, 727, 271
-35, 615, 251
-186, 426, 490
-295, 254, 1114
-522, -17, 1422
-670, -433, 1349
-742, -871, 1322
-822, -1422, 1329
-860, -1696, 1414
-857, -1825, 1477
-853, -1883, 1412
-893, -1919, 1220
-942, -1861, 999
-946, -1700, 851
-898, -1388, 691
-716, -1003, 649
-587, -574, 747
-449, -58, 938
-224, 507, 1219
-224, 507, 1460
60, 975, 1460
193, 1209, 1568
185, 1013, 1522
-,-,-
264, 327, 387
395, 402, 177
343, 526, -84
280, 672, -74
280, 672, -74
197, 828, 81
155, 892, 233
182, 962, 303
194, 1066, 489
194, 1066, 489
95, 873, 651
-152, 441, 720
-426, -100, 755
-574, -487, 908
-672, -868, 1182
-849, -1320, 1259
-950, -1679, 1234
-1002, -1891, 1245
-1003, -1987, 1379
-1013, -1986, 1338
-1008, -1809, 1105
-950, -1523, 1008
-878, -1178, 946
-779, -868, 743
-681, -436, 869
-565, 133, 1199
-353, 768, 1490
-51, 1082, 1623
-,-,-
407, 442, 405
442, 438, 140
419, 411, -4
382, 543, 153
382, 543, 153
273, 633, 279
130, 624, 292
19, 685, 241
-49, 702, 239
-72, 644, 314
-72, 644, 314
-81, 501, 342
-153, 401, 470
-304, 104, 738
-441, -360, 1163
-630, -849, 1537
-821, -1260, 1808
-883, -1582, 1791
-960, -1937, 1586
-1025, -1998, 1228
-1022, -1998, 1053
-970, -1953, 957
-831, -1583, 834
-650, -1112, 685
-592, -696, 716
-539, -232, 807
-418, 432, 1204
-234, 1191, 1676
12, 1442, 1582
217, 1379, 1230
-,-,-
270, 528, 96
270, 528, 96
257, 507, 38
202, 627, 115
175, 798, 142
179, 870, 237
179, 870, 237
133, 870, 277
103, 883, 246
111, 857, 284
49, 829, 580
-224, 590, 917
-224, 590, 917
-604, -113, 964
-946, -1065, 1065
-1111, -1677, 1418
-1122, -1989, 1669
-1102, -1998, 1642
-973, -1995, 1149
-923, -1820, 779
-779, -1488, 632
-658, -1088, 546
-620, -676, 609
-620, -676, 609
-610, -264, 904
-483, 159, 1158
-298, 516, 1366
-212, 851, 1614
-,-,-
265, 516, 484
349, 564, 193
265, 713, 29
203, 946, 179
155, 1074, 467
155, 1074, 467
63, 1011, 422
70, 975, 253
45, 882, 192
-53, 641, 83
-53, 641, 83
-181, 296, 127
-381, -236, 360
-548, -744, 719
-665, -1100, 1134
-745, -1404, 1355
-762, -1546, 1471
-782, -1607, 1472
-877, -1626, 1486
-960, -1797, 1430
-1036, -1904, 1223
-905, -1697, 1007
-745, -1075, 1028
-661, -459, 951
-617, 87, 1115
-456, 643, 1333
-290, 1286, 1739
-272, 1312, 1949
-308, 928, 1846
-,-,-
360, 439, 122
360, 439, 122
259, 447, -245
220, 858, -353
227, 1053, -47
138, 1006, 426
26, 905, 493
-40, 856, 556
-40, 856, 556
-22, 898, 748
-80, 747, 751
-303, 271, 629
-704, -520, 696
-1046, -1374, 977
-1171, -1965, 1305
-1165, -1998, 1627
-1140, -1998, 1477
-1137, -1998, 1204
-1117, -1990, 898
-902, -1612, 715
-737, -917, 858
-584, -399, 884
-497, -102, 1046
-449, 131, 1088
-416, 572, 1268
-305, 1050, 1765
-152, 1116, 1868
-,-,-
350, 701, 105
350, 701, 105
322, 594, -31
271, 551, -114
264, 675, -5
219, 641, 330
77, 512, 659
77, 512, 659
-31, 468, 625
-84, 512, 670
-115, 576, 775
-80, 651, 716
-80, 651, 716
-224, 508, 573
-518, -62, 570
-817, -852, 768
-1044, -1570, 1065
-1194, -1974, 1342
-1374, -1998, 1530
-1345, -1998, 1339
-1186, -1985, 1142
-1013, -1592, 834
-834, -1232, 627
-754, -953, 585
-719, -643, 699
-710, -196, 828
-612, 379, 1159
-409, 1065, 1476
-221, 1575, 1901
-,-,-
329, 856, 235
294, 938, 65
294, 938, 65
214, 985, 38
143, 1069, 96
94, 1100, 195
94, 1100, 195
-18, 997, 433
-121, 839, 508
-232, 582, 416
-371, 185, 456
-521, -194, 700
-703, -635, 1143
-910, -1234, 1436
-1042, -1839, 1327
-1046, -1998, 1356
-1042, -1998, 1347
-1018, -1970, 1191
-997, -1827, 1030
-881, -1598, 745
-800, -1374, 557
-805, -1038, 647
-800, -526, 868
-665, 256, 1047
-439, 1015, 1431
-330, 1348, 1852
-256, 1394, 1998
-267, 1198, 1826
-,-,-
73, 677, 107
73, 677, 107
-30, 681, -94
-177, 581, 38
-229, 539, 256
-181, 564, 462
-181, 564, 462
-100, 612, 362
-252, 432, 206
-505, -117, 93
-700, -670, 527
-866, -1069, 997
-984, -1288, 1475
-1066, -1531, 1886
-1160, -1929, 1881
-1181, -1994, 1655
-1125, -1811, 1502
-1008, -1588, 1244
-918, -1563, 916
-860, -1604, 417
-788, -1384, 161
-726, -929, 293
-591, -286, 554
-485, 534, 1027
-384, 1353, 1456
-265, 1650, 1880
-,-,-
229, 779, 0
229, 779, 0
165, 910, -90
134, 1076, 91
197, 1138, 44
197, 1138, 44
189, 1121, 54
72, 896, -13
-140, 515, 116
-360, -14, 425
-592, -575, 742
-757, -1092, 850
-841, -1420, 1110
-930, -1578, 1482
-982, -1678, 1682
-1057, -1853, 1664
-1134, -1998, 1474
-1167, -1998, 915
-1054, -1782, 676
-890, -1283, 729
-703, -903, 562
-601, -453, 639
-510, 167, 894
-358, 973, 1414
-170, 1245, 1935
-150, 1135, 1950
-150, 1135, 1950
-,-,-
232, 817, -6
272, 800, -31
149, 939, 32
149, 939, 32
142, 1046, 115
110, 996, 280
27, 810, 373
-146, 638, 383
-271, 451, 362
-271, 451, 362
-375, 215, 566
-578, -189, 784
-903, -969, 823
-1207, -1890, 1018
-1218, -1998, 1262
-1029, -1998, 1360
-907, -1801, 1219
-852, -1531, 1119
-845, -1492, 1197
-895, -1472, 963
-917, -1427, 726
-850, -1114, 792
-756, -439, 800
-578, 265, 981
-479, 908, 1391
-408, 1253, 1741
-,-,-
346, 665, -56
339, 709, -288
267, 1007, -365
213, 1116, -128
213, 1116, -128
164, 1024, 272
50, 871, 537
-70, 727, 711
-175, 689, 941
-443, 305, 879
-763, -377, 666
-996, -1053, 595
-996, -1053, 595
-1149, -1728, 828
-1361, -1998, 1292
-1325, -1998, 958
-1177, -1998, 584
-1006, -1717, 589
-926, -1226, 566
-919, -808, 527
-824, -391, 815
-638, 143, 1252
-638, 143, 1252
-509, 583, 1662
-429, 878, 1816
-374, 862, 1801
-,-,-
261, 457, 250
274, 617, 182
274, 617, 182
279, 942, 25
276, 1247, -23
222, 1364, 53
72, 1143, 57
72, 1143, 57
-109, 869, 13
-218, 649, 198
-435, 280, 599
-720, -129, 789
-928, -515, 758
-1110, -1026, 1064
-1296, -1804, 1527
-1387, -1998, 1836
-1388, -1998, 1525
-1318, -1998, 1058
-1120, -1705, 834
-909, -1278, 809
-795, -1098, 738
-789, -883, 1067
-768, -518, 933
-647, -153, 838
-516, 295, 1299
-390, 729, 1836
-298, 1059, 1998
-202, 960, 1949
-,-,-
404, 467, 237
454, 702, 183
420, 908, -80
289, 1036, -111
148, 1044, 59
25, 872, 119
25, 872, 119
-55, 766, 304
-59, 749, 490
-123, 473, 500
-288, -95, 494
-574, -520, 632
-574, -520, 632
-759, -654, 982
-870, -907, 1211
-996, -1610, 933
-1227, -1998, 878
-1429, -1998, 920
-1416, -1998, 1150
-1290, -1767, 1197
-1036, -1029, 690
-844, -515, 726
-595, 6, 963
-595, 6, 963
-446, 576, 1430
-355, 1020, 1840
-246, 986, 1932
-,-,-
307, 491, 60
323, 629, -209
360, 874, -79
360, 874, -79
290, 1056, 183
150, 1052, 150
38, 905, 201
-23, 796, 407
-23, 796, 407
-170, 676, 605
-331, 575, 764
-560, 235, 841
-772, -360, 835
-994, -1111, 998
-1202, -1908, 1243
-1216, -1998, 1417
-1162, -1998, 1209
-1054, -1998, 867
-930, -1871, 576
-793, -1513, 473
-682, -1170, 362
-624, -835, 706
-721, -489, 1081
-797, -172, 1120
-729, 292, 1327
-536, 840, 1771
-332, 1065, 1998
-,-,-
372, 846, -84
352, 738, -342
153, 758, -386
53, 774, -32
53, 774, -32
-52, 656, 364
-145, 453, 471
-252, 352, 530
-316, 373, 551
-460, 69, 858
-460, 69, 858
-700, -417, 1087
-847, -1007, 1075
-844, -1390, 1167
-920, -1643, 1283
-1109, -1963, 1290
-1155, -1992, 1305
-1033, -1665, 1371
-942, -1238, 1040
-942, -1318, 662
-969, -1334, 397
-892, -853, 818
-892, -853, 818
-670, 7, 1095
-393, 868, 1157
-152, 1524, 1351
-,-,-
438, 436, 333
448, 616, 221
341, 622, -3
341, 622, -3
157, 633, -114
28, 658, 67
-27, 746, 374
-34, 857, 378
-34, 857, 378
-4, 930, 241
42, 842, 72
3, 712, 84
3, 712, 84
-194, 314, 272
-549, -139, 519
-898, -730, 949
-1196, -1466, 1253
-1321, -1986, 1272
-1300, -1998, 1197
-1181, -1990, 1201
-1083, -1764, 1323
-1013, -1569, 1247
-1018, -1514, 898
-1061, -1387, 545
-1008, -1064, 536
-826, -617, 779
-635, -98, 1121
-457, 377, 1368
-289, 875, 1539
-199, 1217, 1736
-,-,-
335, 533, 77
445, 653, -41
465, 944, -170
465, 944, -170
410, 1085, -308
241, 1156, -360
92, 1035, -247
13, 844, -96
-15, 677, 131
-143, 462, 457
-325, 186, 648
-325, 186, 648
-543, -246, 915
-738, -626, 1340
-951, -1081, 1517
-1062, -1552, 1449
-1104, -1856, 1333
-1081, -1972, 1324
-1137, -1942, 918
-1030, -1572, 796
-907, -1306, 709
-846, -932, 987
-753, -477, 1406
-753, -477, 1406
-649, 105, 1649
-539, 581, 1605
-434, 890, 1885
-,-,-
386, 639, -8
449, 848, -95
471, 955, -155
471, 955, -155
357, 884, -193
199, 902, -172
102, 779, -29
21, 588, 438
-114, 438, 837
-364, 202, 780
-364, 202, 780
-666, -160, 484
-874, -742, 639
-883, -1309, 1119
-933, -1700, 1515
-928, -1834, 1219
-902, -1644, 901
-892, -1477, 713
-937, -1556, 786
-990, -1723, 835
-1123, -1721, 881
-1125, -1359, 800
-982, -765, 884
-766, -95, 1015
-520, 493, 1470
-319, 885, 1820
-170, 868, 1833
-,-,-
362, 423, -185
363, 766, -302
439, 1061, -76
405, 985, 76
405, 985, 76
294, 809, -48
189, 687, -87
97, 634, 78
97, 634, 78
55, 618, 541
-34, 513, 779
-272, 287, 649
-551, -160, 667
-551, -160, 667
-788, -673, 818
-1035, -1227, 998
-1240, -1780, 1284
-1395, -1998, 1273
-1331, -1994, 1249
-1091, -1732, 946
-931, -1475, 818
-831, -1209, 707
-830, -859, 857
-831, -433, 1070
-752, 9, 1288
-752, 9, 1288
-603, 429, 1610
-,-,-
344, 697, 189
513, 842, 15
383, 948, -188
260, 1021, -213
260, 1021, -213
181, 1042, -103
70, 910, 137
-20, 702, 206
-124, 571, 284
-252, 444, 374
-439, 155, 437
-607, -343, 621
-607, -343, 621
-880, -1055, 889
-1126, -1691, 1050
-1219, -1968, 1483
-1350, -1998, 1390
-1305, -1945, 1049
-1052, -1597, 838
-809, -1190, 946
-793, -753, 809
-833, -492, 866
-823, -206, 1258
-681, 425, 1824
-548, 1008, 1998
-538, 1179, 1998
-538, 1179, 1998
-,-,-
383, 619, -2
432, 760, -116
420, 963, -18
420, 963, -18
352, 1051, 42
239, 1061, 26
157, 965, 107
36, 800, 321
36, 800, 321
-134, 562, 638
-445, 143, 923
-772, -381, 984
-1075, -1068, 739
-1295, -1830, 725
-1204, -1998, 1063
-1028, -1924, 1253
-875, -1743, 951
-892, -1649, 493
-890, -1601, 266
-896, -1559, 705
-776, -1199, 887
-646, -731, 978
-667, -429, 1007
-795, -183, 1282
-787, 256, 1753
-675, 603, 1998
-613, 630, 1998
-566, 604, 1926
-,-,-
641, 582, 6
687, 671, -110
566, 777, -274
402, 923, -211
218, 1012, -84
218, 1012, -84
-8, 841, 115
-226, 634, 314
-345, 419, 542
-415, 282, 739
-513, 133, 664
-606, -89, 791
-606, -89, 791
-728, -558, 957
-814, -1079, 1077
-858, -1540, 1199
-911, -1895, 1093
-965, -1995, 838
-1023, -1972, 593
-1057, -1804, 715
-970, -1565, 974
-918, -1409, 1042
-894, -1167, 1041
-917, -772, 1017
-897, -253, 1050
-769, 467, 1537
-519, 1156, 1989
-333, 1382, 1970
-334, 889, 1554
-,-,-
116, 740, -156
307, 983, 49
256, 1026, 234
175, 882, 342
175, 882, 342
73, 640, 405
-28, 247, 461
-94, -33, 695
-244, -202, 905
-462, -404, 759
-462, -404, 759
-744, -826, 860
-1012, -1597, 1114
-1106, -1647, 1075
-1176, -1902, 1317
-1089, -1998, 902
-980, -1992, 808
-954, -1830, 851
-991, -1432, 444
-1035, -1043, 350
-1016, -497, 585
-780, 181, 955
-780, 181, 955
-561, 710, 1363
-316, 1086, 1519
-93, 1221, 1415
114, 1124, 1554
67, 889, 1621
-,-,-
363, 541, 245
378, 530, 146
246, 586, -36
105, 664, -46
105, 664, -46
78, 575, -13
82, 412, -137
79, 478, 23
-35, 650, 426
-35, 650, 426
-218, 435, 801
-299, 82, 1023
-452, -427, 905
-629, -983, 920
-756, -1417, 1235
-909, -1889, 1248
-1026, -1998, 1337
-1024, -1853, 1410
-953, -1567, 1243
-872, -1509, 943
-884, -1529, 657
-868, -1535, 300
-825, -1456, 99
-676, -1015, 795
-482, -233, 1386
-425, 493, 1583
-432, 657, 1487
-413, 253, 1450
-442, -124, 1660
-,-,-
488, 244, 259
348, 290, 103
348, 290, 103
188, 438, -188
68, 603, -287
-33, 636, -100
-113, 721, -21
-56, 807, 121
-8, 692, 341
-8, 692, 341
72, 606, 321
17, 607, 340
-277, 261, 443
-706, -427, 791
-706, -427, 791
-1081, -1109, 1270
-1203, -1478, 1830
-1230, -1998, 1994
-1038, -1924, 1779
-881, -1773, 1529
-872, -1765, 1283
-944, -1713, 893
-920, -1464, 436
-800, -1104, 356
-537, -338, 876
-331, 295, 918
-212, 644, 1102
-212, 644, 1102
-44, 916, 1312
14, 952, 1400
-,-,-
318, 612, 100
341, 776, 103
314, 956, -1
382, 1082, -113
351, 1089, 16
177, 940, 341
177, 940, 341
-75, 682, 490
-347, 360, 381
-493, 85, 457
-827, -548, 634
-1224, -1441, 889
-1335, -1995, 1141
-1110, -1967, 1452
-859, -1622, 1400
-753, -1482, 1264
-794, -1685, 1015
-940, -1986, 768
-1066, -1986, 638
-1035, -1620, 745
-856, -1017, 772
-743, -590, 704
-643, -197, 866
-527, 363, 1181
-318, 834, 1411
-134, 976, 1611
44, 1031, 1506
117, 1096, 1402
-,-,-
18, 430, 47
220, 755, -321
201, 1112, -469
225, 1210, -361
211, 1065, -50
211, 1065, -50
120, 885, 155
66, 795, 248
-81, 647, 639
-299, 517, 841
-554, 172, 811
-554, 172, 811
-844, -511, 874
-1185, -1477, 858
-1484, -1998, 1000
-1515, -1998, 904
-1312, -1998, 911
-1059, -1772, 996
-848, -1372, 1061
-880, -1348, 914
-880, -1348, 914
-929, -930, 1054
-766, -394, 1033
-583, -31, 841
-306, 173, 911
-111, 462, 1378
-72, 724, 1536
-71, 706, 1534
-49, 661, 1754
-32, 685, 1875
-,-,-
257, 345, 23
257, 345, 23
212, 539, -257
211, 867, -543
221, 1170, -532
211, 1296, -263
145, 1267, 228
106, 1158, 784
106, 1158, 784
-191, 835, 1065
-640, 176, 967
-998, -583, 955
-1263, -1354, 1330
-1439, -1992, 1369
-1414, -1998, 1136
-1217, -1998, 1117
-987, -1894, 1180
-874, -1732, 773
-865, -1903, 434
-898, -1731, 556
-770, -897, 855
-572, 104, 1212
-375, 772, 1502
-180, 1094, 1811
-44, 994, 1642
-87, 515, 1546
-173, 135, 1723
-,-,-
319, 446, 84
302, 578, 95
228, 900, 117
240, 1184, 196
240, 1184, 196
245, 1219, 275
177, 1015, 327
91, 865, 407
-15, 757, 429
-294, 275, 473
-623, -412, 652
-623, -412, 652
-933, -1249, 855
-1167, -1955, 823
-1148, -1998, 758
-1208, -1998, 969
-1207, -1998, 680
-867, -1395, 823
-867, -1395, 823
-657, -781, 946
-712, -676, 1005
-800, -683, 1237
-741, -244, 1628
-569, 485, 1995
-464, 828, 1964
-376, 808, 1766
-272, 655, 1789
-,-,-
343, 499, 14
351, 635, -74
272, 724, -66
272, 724, -66
238, 808, -105
162, 867, -91
82, 832, -18
0, 736, 137
0, 736, 137
-112, 677, 282
-257, 512, 562
-531, -23, 733
-765, -561, 951
-903, -819, 1241
-1078, -1354, 1346
-1226, -1974, 1420
-1194, -1998, 1442
-1098, -1998, 1346
-984, -1813, 1048
-880, -1629, 642
-828, -1535, 564
-799, -1325, 485
-800, -835, 829
-709, -3, 1257
-540, 636, 1462
-379, 977, 1672
-279, 902, 1651
-235, 734, 1687
-235, 734, 1687
-,-,-
287, 3, -253
287, 3, -253
237, 335, -405
235, 718, -101
248, 938, 70
231, 1033, 16
231, 1033, 16
296, 1039, 74
275, 993, 218
86, 816, 271
-191, 553, 381
-191, 553, 381
-462, 77, 564
-733, -478, 1007
-950, -1032, 1416
-1136, -1614, 1630
-1117, -1748, 1597
-1051, -1788, 1500
-1037, -1932, 1287
-963, -1611, 1100
-867, -1350, 923
-853, -1067, 823
-731, -637, 983
-731, -637, 983
-572, -147, 1212
-366, 391, 1527
-249, 804, 1688
-152, 868, 1658
-118, 624, 1430
-81, 304, 1446
-,-,-
467, 310, 160
433, 189, 11
433, 189, 11
409, 343, 5
402, 735, 247
312, 1026, 366
215, 1071, 213
215, 1071, 213
93, 866, 128
-80, 547, 114
-314, 118, 302
-456, -224, 639
-495, -269, 943
-508, -240, 1146
-545, -421, 1195
-687, -851, 1235
-909, -1443, 1267
-1146, -1954, 1335
-1207, -1998, 1424
-1233, -1998, 1226
-1240, -1998, 876
-1118, -1786, 549
-902, -1222, 688
-714, -712, 1096
-659, -402, 1297
-712, -52, 1293
-664, 366, 1422
-490, 711, 1778
-337, 1011, 1998
-306, 973, 1998
-,-,-
347, 7, 426
472, 38, 154
472, 38, 154
443, 275, 214
467, 449, 333
371, 441, 520
305, 423, 544
305, 423, 544
241, 488, 509
265, 656, 368
219, 802, 332
47, 791, 269
47, 791, 269
-166, 630, 188
-227, 440, 389
-181, 249, 346
-269, 40, 441
-564, -370, 634
-891, -1042, 889
-1099, -1783, 1052
-1192, -1998, 1296
-1218, -1998, 1458
-1149, -1998, 1457
-1045, -1998, 1121
-948, -1997, 641
-759, -1667, 393
-703, -954, 809
-748, -399, 1099
-781, -72, 1389
-737, 271, 1515
-596, 782, 1850
-451, 1163, 1998
-332, 1116, 1998
-193, 858, 1945
-,-,-
302, 210, -221
377, 226, -473
320, 416, -237
167, 591, 47
167, 591, 47
121, 931, 217
127, 1039, 385
60, 887, 456
-36, 686, 522
-36, 686, 522
-152, 332, 597
-240, -35, 642
-333, -336, 543
-521, -650, 564
-639, -942, 670
-722, -1281, 810
-795, -1614, 920
-948, -1941, 927
-1083, -1998, 898
-1171, -1998, 1053
-1166, -1998, 1408
-1081, -1800, 1322
-969, -1417, 1009
-793, -861, 911
-663, -395, 1002
-604, -10, 1188
-531, 361, 1558
-394, 619, 1718
-305, 716, 1681
-218, 624, 1634
-163, 498, 1682
-,-,-
395, 664, 91
320, 778, 67
320, 778, 67
241, 908, 246
86, 793, 373
-72, 564, 444
-72, 564, 444
-167, 399, 355
-195, 281, 313
-277, 48, 257
-462, -335, 241
-494, -630, 400
-343, -786, 734
-275, -881, 905
-318, -824, 825
-399, -804, 824
-399, -804, 824
-584, -1093, 858
-753, -1397, 1164
-921, -1593, 1231
-1208, -1966, 1173
-1061, -1677, 908
-941, -1483, 582
-907, -1265, 580
-877, -793, 644
-877, -793, 644
-769, -149, 1043
-493, 676, 1709
-201, 1172, 1998
-152, 996, 1832
-137, 832, 1714
-139, 738, 1934
-,-,-
364, 777, 82
414, 973, 81
414, 973, 81
327, 1209, -78
196, 1181, -118
43, 950, 90
-73, 538, 234
-227, 98, 321
-227, 98, 321
-377, -156, 340
-403, -217, 388
-473, -478, 662
-669, -936, 835
-886, -1289, 1076
-1101, -1728, 1223
-1140, -1969, 1306
-1160, -1856, 1375
-1117, -1691, 1465
-996, -1562, 1334
-892, -1565, 891
-848, -1602, 396
-904, -1311, 455
-832, -684, 1035
-632, 6, 1358
-420, 472, 1329
-216, 653, 1386
-149, 609, 1541
-212, 498, 1735
-278, 409, 1871
-261, 578, 1977
-148, 537, 1812
-,-,-
499, 826, -34
469, 851, -196
469, 851, -196
404, 906, -60
282, 888, 127
168, 798, 109
43, 607, 113
-35, 427, 208
-35, 427, 208
-151, 237, 368
-351, 124, 494
-542, -34, 551
-744, -416, 810
-946, -973, 1133
-1147, -1620, 1244
-1238, -1991, 1068
-1151, -1993, 1026
-1086, -1881, 1135
-1046, -1765, 1115
-999, -1704, 833
-959, -1594, 410
-879, -1248, 458
-738, -472, 923
-432, 263, 1322
-226, 788, 1772
-177, 1005, 1969
-187, 830, 1770
-197, 466, 1685
-195, 311, 1782
-,-,-
368, 602, 130
461, 627, -170
364, 726, -283
258, 827, -148
258, 827, -148
125, 921, 127
-23, 811, 180
-95, 626, 305
-178, 401, 513
-393, 153, 523
-636, -239, 564
-636, -239, 564
-758, -740, 919
-875, -1262, 1230
-852, -1385, 1331
-899, -1507, 1293
-995, -1788, 1231
-1077, -1963, 1186
-1029, -1941, 789
-852, -1555, 672
-801, -1196, 716
-774, -706, 1098
-766, -23, 1584
-766, -23, 1584
-659, 685, 1969
-,-,-
286, 386, 137
300, 649, -40
300, 649, -40
284, 864, -119
210, 884, 39
220, 896, 337
132, 660, 379
-59, 347, 98
-59, 347, 98
-202, 38, 124
-341, -227, 499
-470, -488, 758
-571, -742, 884
-572, -964, 878
-567, -1250, 964
-722, -1549, 1129
-952, -1808, 1412
-1062, -1955, 1332
-1123, -1990, 1076
-1109, -1765, 991
-931, -1265, 923
-828, -985, 954
-805, -826, 1206
-709, -440, 1399
-536, 145, 1439
-330, 818, 1422
-178, 1278, 1637
-79, 1304, 1841
-,-,-
402, 462, -327
368, 479, -233
231, 709, -42
111, 815, 53
111, 815, 53
-24, 664, 135
-162, 508, 303
-226, 384, 459
-236, 304, 533
-236, 304, 593
-235, 229, 593
-338, 26, 508
-525, -311, 579
-763, -778, 1083
-963, -1257, 1648
-1100, -1789, 1612
-1105, -1968, 1365
-1123, -1998, 1269
-1052, -1980, 1102
-954, -1711, 1190
-881, -1325, 962
-757, -1073, 633
-652, -661, 593
-525, 69, 1037
-397, 897, 1553
-247, 1462, 1936
-276, 1405, 1797
-223, 1182, 1503
-,-,-
278, 470, -11
330, 461, -144
378, 540, -225
313, 668, -81
231, 794, 28
231, 794, 28
145, 766, 196
84, 669, 325
-35, 472, 476
-313, 124, 511
-313, 124, 511
-617, -227, 780
-930, -546, 1027
-1016, -1243, 1065
-1019, -1749, 1329
-1016, -1879, 1411
-980, -1708, 1217
-1027, -1463, 1226
-1054, -1571, 1076
-999, -1600, 794
-909, -1262, 656
-771, -786, 796
-658, -471, 813
-568, -256, 936
-568, -256, 936
-414, 193, 1260
-258, 665, 1597
-,-,-
417, 218, -117
498, 263, -265
435, 506, -213
418, 594, -69
314, 675, 28
314, 675, 28
221, 789, 161
116, 893, 267
-4, 950, 407
-4, 950, 407
-130, 734, 613
-276, 360, 554
-471, -85, 444
-650, -438, 650
-831, -862, 892
-977, -1324, 970
-1013, -1756, 907
-914, -1762, 1298
-853, -1537, 1435
-893, -1511, 1095
-1023, -1744, 890
-1129, -1871, 854
-1097, -1526, 855
-934, -937, 785
-850, -441, 747
-700, -98, 806
-625, 4, 1069
-625, 4, 1069
-492, 386, 1498
-358, 984, 1931
-,-,-
319, 249, -48
180, 348, -225
180, 348, -225
93, 548, -187
92, 928, 161
138, 1261, 564
182, 1369, 673
-5, 1098, 348
-5, 1098, 348
-252, 688, 82
-429, 199, 215
-566, -373, 647
-763, -815, 1085
-871, -1197, 1379
-922, -1711, 1496
-858, -1995, 1409
-854, -1998, 1391
-826, -1998, 1293
-883, -1824, 1022
-792, -1374, 1124
-675, -901, 1138
-634, -666, 1088
-650, -606, 1087
-575, -305, 1093
-490, 300, 1233
-443, 696, 1610
-452, 789, 1824
-473, 644, 1931
-,-,-
409, 370, -137
402, 373, -548
287, 518, -886
199, 699, -734
74, 862, -129
74, 862, -129
-110, 722, 621
-317, 482, 985
-532, 260, 817
-757, -91, 475
-824, -581, 685
-658, -939, 1053
-524, -1183, 1250
-468, -1169, 1127
-538, -1203, 1201
-507, -1154, 1328
-518, -1171, 1190
-690, -1529, 1119
-900, -1952, 1167
-1083, -1998, 1037
-1196, -1998, 879
-1075, -1739, 840
-896, -996, 699
-760, -210, 642
-533, 308, 948
-361, 671, 1451
-115, 876, 1509
-8, 907, 1493
-8, 907, 1493
-,-,-
390, 560, 31
390, 560, 31
255, 581, 221
126, 598, 358
-1, 366, 520
-102, 83, 753
-102, 83, 753
-130, -32, 550
-139, -222, 86
-109, -168, 35
-167, 7, 247
-291, -5, 416
-291, -5, 416
-396, -215, 566
-510, -532, 1007
-660, -957, 1197
-980, -1645, 1395
-1226, -1998, 1611
-1217, -1964, 1485
-1124, -1553, 1557
-1017, -1275, 1416
-885, -1093, 979
-813, -1075, 820
-677, -599, 932
-569, 3, 1168
-521, 580, 1448
-374, 951, 1688
-,-,-
301, 477, 127
301, 477, 127
177, 641, 82
133, 711, 147
90, 742, 100
29, 1000, 137
29, 1000, 137
-40, 1098, 313
-111, 950, 357
-183, 490, 326
-379, -109, 421
-620, -727, 549
-724, -1202, 836
-806, -1663, 1023
-845, -1867, 1246
-909, -1990, 1490
-991, -1998, 1767
-956, -1998, 1684
-870, -1787, 1480
-749, -1441, 1191
-684, -1081, 976
-654, -692, 781
-575, -182, 919
-404, 392, 1054
-324, 778, 1314
-242, 961, 1535
-185, 1059, 1921
-241, 996, 1982
-241, 996, 1982
-,-,-
282, 438, -55
257, 521, -152
257, 521, -152
298, 813, 20
330, 1049, 16
291, 1137, 271
181, 998, 315
14, 843, 344
14, 843, 344
-169, 625, 579
-579, 52, 698
-1015, -867, 579
-1181, -1515, 976
-1375, -1946, 1500
-1506, -1998, 1745
-1310, -1998, 1412
-1048, -1850, 1316
-764, -1391, 1113
-602, -1054, 929
-667, -1031, 923
-735, -865, 941
-705, -490, 1047
-598, 49, 1220
-496, 528, 1487
-365, 865, 1898
-179, 1038, 1998
-68, 945, 1998
-,-,-
337, 550, 44
337, 550, 44
148, 554, -99
103, 654, -68
132, 817, -5
132, 817, -5
140, 896, 184
156, 830, 344
36, 577, 452
-149, 118, 418
-341, -236, 513
-341, -236, 513
-512, -509, 778
-757, -904, 1144
-986, -1451, 1294
-1159, -1971, 1386
-1303, -1998, 1364
-1141, -1974, 1029
-944, -1495, 704
-779, -902, 794
-635, -403, 984
-635, -403, 984
-526, -20, 1162
-466, 329, 1540
-311, 756, 1771
-67, 1001, 1845
-,-,-
289, 310, 94
298, 384, 207
293, 584, 100
255, 671, -68
330, 829, 64
330, 829, 64
387, 966, 309
309, 777, 292
110, 649, 14
-162, 276, 36
-162, 276, 36
-483, -194, 609
-669, -734, 1077
-619, -1067, 962
-714, -1481, 685
-884, -1658, 687
-1150, -1913, 1325
-1394, -1998, 1955
-1374, -1998, 1771
-1049, -1725, 1224
-749, -879, 955
-601, -362, 1011
-666, -193, 1282
-677, -93, 1679
-590, 225, 1791
-381, 813, 1651
-215, 1357, 1682
-65, 1642, 1732
5, 1479, 1594
-,-,-
410, 583, 0
496, 604, -171
350, 620, -315
279, 710, -151
279, 710, -151
172, 824, 40
39, 782, 76
-58, 648, 185
-173, 487, 410
-173, 487, 410
-291, 377, 965
-598, 43, 1158
-871, -515, 941
-958, -1214, 906
-1027, -1783, 1114
-1166, -1998, 1351
-1201, -1998, 1467
-1126, -1995, 1313
-1011, -1781, 1210
-908, -1599, 936
-777, -1363, 700
-682, -1134, 786
-585, -590, 1003
-541, 150, 1293
-470, 931, 1747
-228, 1365, 1997
-13, 1360, 1932
113, 1231, 1841
135, 906, 1642
-,-,-
432, 339, 102
421, 497, 22
388, 766, 115
365, 1013, 181
283, 1154, 179
283, 1154, 179
148, 1223, 143
13, 1091, 231
-159, 742, 367
-402, 303, 657
-717, -269, 673
-880, -805, 569
-1045, -1460, 952
-1292, -1992, 1307
-1442, -1998, 1469
-1482, -1998, 1359
-1364, -1995, 1241
-1085, -1615, 1116
-755, -1054, 855
-471, -662, 381
-410, -231, 480
-326, 370, 1125
-223, 1113, 1832
-67, 1437, 1998
-159, 959, 1998
-266, 475, 1979
-,-,-
373, 594, 242
271, 751, 28
271, 751, 28
243, 949, 102
99, 1113, 285
-98, 1120, 408
-164, 863, 233
-164, 863, 233
-182, 515, 358
-404, -135, 468
-818, -1042, 428
-998, -1821, 544
-936, -1998, 735
-815, -1998, 685
-740, -1998, 523
-691, -1990, 419
-615, -1759, 471
-692, -1618, 564
-754, -1296, 742
-676, -911, 788
-622, -368, 957
-511, 184, 1165
-383, 701, 1783
-290, 1058, 1998
-,-,-
367, 329, 181
476, 306, 123
275, 261, -47
161, 637, 144
161, 637, 144
131, 999, 431
78, 1055, 569
26, 931, 325
-44, 732, 252
-44, 732, 252
-182, 273, 176
-463, -364, 265
-653, -863, 566
-748, -1181, 780
-875, -1610, 786
-999, -1984, 812
-1039, -1998, 853
-938, -1998, 929
-777, -1944, 864
-724, -1624, 736
-655, -1260, 759
-668, -848, 947
-679, -521, 1019
-572, -219, 1140
-459, 70, 1421
-536, 270, 1842
-731, 236, 1998
-,-,-
293, 541, 378
208, 710, 389
208, 710, 389
117, 923, 290
-13, 936, 478
-233, 722, 857
-452, 218, 972
-655, -480, 823
-655, -480, 823
-702, -880, 679
-652, -1087, 620
-683, -1389, 477
-856, -1928, 493
-1013, -1998, 590
-1154, -1998, 503
-1171, -1998, 200
-1070, -1710, 272
-907, -1059, 655
-669, -412, 959
-466, 103, 1242
-399, 360, 1574
-337, 444, 1735
-264, 359, 1701
-213, 242, 1734
-225, 186, 1785
-,-,-
431, 352, 305
574, 452, 237
536, 475, 113
536, 475, 113
433, 541, 4
315, 653, 221
177, 688, 454
49, 691, 363
49, 691, 363
-78, 630, 164
-161, 582, 172
-196, 407, 111
-361, 94, 195
-361, 94, 195
-488, -164, 464
-645, -470, 981
-930, -1130, 1042
-1196, -1881, 915
-1249, -1998, 997
-1198, -1998, 1190
-1154, -1838, 1410
-1103, -1612, 1323
-905, -1208, 903
-779, -802, 866
-779, -802, 866
-592, -291, 1072
-448, 141, 1371
-382, 527, 1695
-324, 845, 1959
-,-,-
407, 690, 243
344, 722, 42
344, 722, 42
261, 914, -111
185, 1152, -76
93, 1049, 512
-204, 464, 850
-463, -162, 923
-643, -544, 882
-622, -572, 690
-622, -572, 690
-640, -613, 650
-754, -852, 642
-989, -1355, 803
-1135, -1818, 1076
-1245, -1998, 1009
-1328, -1998, 889
-1298, -1911, 765
-1167, -1401, 770
-793, -356, 1168
-793, -356, 1168
-566, -48, 1160
-472, 31, 1271
-367, 246, 1525
-322, 379, 1604
-308, 371, 1657
-,-,-
381, 543, 300
520, 606, 313
424, 698, 200
341, 672, 3
341, 672, 3
236, 612, 102
68, 458, 272
-99, 283, 482
-99, 283, 482
-207, 186, 630
-228, 29, 699
-297, -306, 615
-436, -679, 354
-578, -887, 505
-721, -1212, 873
-895, -1628, 1036
-977, -1859, 1100
-1095, -1962, 1173
-1190, -1998, 1175
-1102, -1869, 1135
-893, -1370, 971
-682, -911, 984
-658, -642, 1146
-666, -412, 1157
-560, 5, 1224
-416, 396, 1423
-223, 628, 1527
-70, 707, 1605
-70, 707, 1605
-60, 653, 1620
-,-,-
536, 869, -35
521, 982, -104
327, 1110, -120
195, 1130, -18
-29, 972, 85
-267, 763, 270
-523, 556, 732
-523, 556, 732
-878, 122, 1105
-1186, -428, 1220
-1501, -1115, 1286
-1640, -1870, 1325
-1372, -1933, 1614
-803, -958, 1317
-787, -1111, 1180
-1014, -1579, 1346
-1134, -1515, 992
-1125, -1255, 631
-1060, -880, 886
-865, -375, 970
-731, 170, 1196
-531, 755, 1336
-221, 796, 1608
-221, 796, 1608
-142, 434, 1659
-255, 108, 1524
-269, 317, 1635
-172, 386, 1741
-77, 234, 1737
-83, -11, 1586
-,-,-
425, 602, 56
425, 602, 56
329, 913, -102
259, 1097, 205
150, 1025, 398
-31, 738, 493
-218, 454, 595
-218, 454, 595
-405, 268, 447
-632, -97, 400
-963, -968, 760
-1219, -1778, 1142
-1323, -1998, 1461
-1141, -1596, 1391
-890, -1196, 1199
-813, -1302, 1265
-821, -1575, 1101
-804, -1317, 1084
-754, -774, 1200
-773, -471, 1627
-704, -294, 1752
-490, -153, 1739
-415, -265, 1744
-,-,-
476, 377, 98
473, 523, -47
393, 638, -23
273, 752, 275
189, 808, 499
189, 808, 499
37, 814, 729
-167, 709, 683
-561, 337, 708
-1044, -312, 852
-1405, -1328, 1181
-1474, -1980, 1488
-1382, -1998, 1421
-1233, -1908, 1151
-1048, -1565, 1047
-909, -1371, 1131
-865, -1327, 1186
-911, -1324, 1165
-924, -1014, 1115
-856, -528, 1147
-704, 35, 1337
-470, 445, 1451
-276, 691, 1733
-202, 674, 1955
-303, 393, 1998
-,-,-
435, 667, 193
584, 773, 106
560, 840, 174
560, 840, 174
408, 739, 115
198, 661, 188
8, 620, 129
-187, 561, 269
-416, 364, 576
-416, 364, 576
-872, -183, 857
-1098, -642, 1289
-1276, -1176, 1544
-1220, -1548, 1202
-988, -1343, 724
-939, -1253, 1148
-960, -1345, 1601
-949, -1333, 1234
-980, -1095, 998
-944, -818, 829
-944, -818, 829
-832, -542, 1116
-681, -289, 1172
-517, 82, 1088
-359, 235, 1179
-236, 171, 1308
-243, 334, 1543
-245, 455, 1794
-,-,-
532, 509, 550
519, 465, 355
519, 465, 355
410, 421, 89
341, 598, 110
309, 769, 325
194, 823, 354
194, 823, 354
-18, 744, 104
-145, 560, 42
-183, 365, 355
-294, 77, 577
-539, -431, 608
-673, -792, 625
-673, -792, 625
-729, -1109, 623
-893, -1532, 736
-1045, -1693, 997
-1184, -1750, 1157
-1228, -1653, 1346
-953, -1212, 1272
-846, -1040, 1226
-830, -995, 1077
-848, -787, 1186
-688, -387, 1465
-439, 200, 1609
-213, 400, 1563
-213, 400, 1563
-133, 203, 1526
-182, -37, 1454
-270, -212, 1550
-323, -262, 1723
-286, -169, 1761
-196, -121, 1719
-,-,-
444, 869, 188
447, 1239, 283
447, 1239, 283
306, 1250, 258
59, 1068, 244
-210, 744, 568
-404, 361, 776
-593, -26, 778
-801, -428, 376
-1059, -1069, 211
-1172, -1863, 566
-1176, -1998, 1169
-1010, -1997, 1191
-877, -1800, 921
-841, -1653, 813
-878, -1532, 830
-895, -1448, 736
-876, -1253, 930
-729, -732, 1042
-436, -88, 1140
-159, 323, 1338
-172, 403, 1488
-280, 409, 1715
-280, 409, 1715
-,-,-
500, 514, 133
500, 514, 133
484, 626, -84
400, 722, -199
292, 821, -226
250, 1070, 91
233, 1270, 447
94, 1258, 884
94, 1258, 884
-247, 644, 1017
-608, -369, 372
-740, -877, -21
-803, -1098, 115
-867, -1221, 496
-957, -1453, 794
-1031, -1715, 977
-983, -1745, 826
-1091, -1854, 699
-1253, -1998, 643
-1270, -1990, 607
-1050, -1542, 669
-895, -810, 875
-685, -393, 929
-551, -131, 1233
-461, 126, 1521
-426, 442, 1865
-338, 631, 1980
-253, 668, 1915
-,-,-
571, 1051, 120
523, 1061, -3
339, 1039, -127
186, 983, -10
96, 892, 142
-177, 670, 316
-177, 670, 316
-622, 109, 311
-1006, -573, 558
-1125, -1061, 1018
-1209, -1545, 1317
-1214, -1754, 1378
-1133, -1860, 1172
-1036, -1766, 785
-919, -1637, 821
-921, -1596, 999
-909, -1272, 1016
-940, -944, 1098
-843, -449, 1219
-686, -51, 1337
-686, -51, 1337
-644, 225, 1382
-,-,-
296, 385, -234
371, 580, -76
348, 876, 81
337, 1028, 109
235, 958, 50
235, 958, 50
94, 832, 194
-65, 731, 471
-318, 415, 698
-680, -155, 735
-680, -155, 735
-818, -566, 723
-971, -1017, 839
-1120, -1722, 888
-1180, -1998, 1209
-1078, -1982, 1115
-774, -1404, 1048
-770, -1516, 1019
-783, -1551, 994
-814, -1092, 1038
-650, -431, 1169
-463, 115, 1523
-303, 529, 1833
-303, 529, 1833
-199, 802, 1995
-,-,-
391, 456, 205
395, 428, 135
357, 417, 100
339, 508, 183
326, 690, 137
296, 818, 166
296, 818, 166
236, 764, 251
152, 615, 500
36, 436, 676
-137, 129, 463
-137, 129, 193
-405, -239, 193
-537, -510, 255
-529, -774, 743
-767, -1219, 1317
-981, -1632, 1401
-1090, -1640, 1179
-987, -1429, 1317
-816, -1139, 1731
-777, -1050, 1890
-881, -1142, 1752
-915, -1127, 1417
-735, -308, 1496
-574, -308, 1566
-574, 127, 1566
-370, 485, 1630
-220, 790, 1733
-122, 936, 1885
-32, 971, 1903
-,-,-
332, 320, 131
332, 320, 131
306, 378, 29
310, 455, -69
247, 600, -189
187, 812, 119
177, 847, 323
177, 847, 323
55, 620, 517
-76, 310, 595
-289, 1, 479
-492, -203, 599
-492, -203, 599
-748, -473, 1040
-941, -845, 1413
-1029, -1278, 1639
-1034, -1532, 1881
-979, -1906, 1354
-883, -1765, 1155
-764, -1306, 1197
-756, -1003, 1402
-753, -863, 1568
-675, -625, 1679
-567, -256, 1611
-437, 87, 1481
-309, 330, 1525
-309, 330, 1525
-254, 473, 1568
-,-,-
375, 222, 530
399, 270, 289
277, 270, 310
183, 331, 251
183, 331, 251
43, 272, 164
-24, 311, 336
-33, 364, 516
-117, 226, 546
-117, 226, 546
-255, -94, 428
-325, -376, 532
-429, -542, 943
-596, -771, 1288
-743, -1153, 1374
-777, -1342, 1477
-756, -1263, 1616
-831, -1313, 1691
-859, -1378, 1671
-840, -1368, 1706
-805, -1250, 1595
-729, -1091, 1411
-692, -915, 1191
-603, -587, 1088
-550, -136, 1290
-455, 284, 1477
-337, 558, 1433
-148, 765, 1426
-2, 844, 1468
53, 866, 1431
-,-,-
55, 135, 366
55, 135, 366
66, 134, 432
-7, 119, 816
-143, 89, 977
-143, 89, 977
-289, -14, 1001
-393, -278, 917
-432, -520, 942
-461, -821, 1124
-559, -1183, 1141
-589, -1536, 1114
-606, -1640, 1175
-586, -1508, 1128
-559, -1423, 1064
-569, -1380, 1014
-616, -1340, 887
-673, -1379, 710
-671, -1198, 782
-676, -897, 980
-665, -636, 895
-499, -280, 973
-331, 176, 1230
-214, 375, 1304
-144, 479, 1396
-118, 451, 1423
-163, 314, 1568
-,-,-
389, 360, 253
417, 585, 288
417, 585, 288
408, 726, 278
304, 770, 46
243, 914, 73
148, 790, 461
148, 790, 461
30, 544, 858
-126, 244, 915
-277, 127, 409
-383, -77, 432
-477, -455, 654
-637, -1027, 652
-792, -1681, 682
-857, -1923, 951
-875, -1942, 1188
-803, -1735, 1224
-765, -1465, 1206
-769, -1287, 1284
-833, -1288, 1301
-870, -1265, 1060
-851, -1104, 976
-736, -619, 966
-586, 63, 1250
-447, 505, 1539
-345, 623, 1694
-345, 623, 1694
-272, 575, 1823
-207, 730, 1992
-,-,-
222, 640, -78
130, 683, 113
-61, 547, 275
-280, 257, 574
-557, -62, 938
-770, -482, 1108
-887, -961, 1109
-865, -1334, 1216
-828, -1514, 1244
-736, -1496, 1262
-578, -1265, 1216
-473, -1128, 1239
-506, -1235, 1178
-631, -1386, 988
-755, -1508, 681
-876, -1732, 317
-890, -1763, 341
-791, -1256, 804
-684, -748, 871
-568, -427, 836
-389, -79, 1177
-389, -79, 1177
-195, 235, 1527
-169, 418, 1685
-228, 410, 1583
-247, 379, 1671
-,-,-
508, 527, 26
508, 527, 26
502, 882, 196
442, 1171, 261
248, 1138, 196
46, 995, 445
46, 995, 445
-97, 813, 781
-231, 581, 868
-419, 283, 678
-735, -272, 731
-1003, -1039, 840
-974, -1429, 1118
-839, -1479, 1279
-767, -1326, 1163
-797, -1330, 1028
-938, -1536, 1070
-1032, -1668, 1171
-1035, -1613, 1108
-914, -1308, 909
-778, -977, 798
-677, -572, 948
-607, 72, 1424
-466, 677, 1773
-379, 850, 1777
-354, 697, 1667
-375, 565, 1788
-,-,-
431, 621, 65
393, 751, -224
281, 963, -428
235, 1037, -141
136, 910, 109
136, 910, 109
-27, 636, 427
-189, 375, 920
-357, 221, 1137
-568, -24, 1109
-838, -553, 994
-1015, -1245, 971
-1077, -1853, 1009
-1113, -1998, 1070
-1081, -1998, 929
-993, -1962, 691
-902, -1576, 812
-772, -1171, 1207
-719, -870, 1343
-676, -641, 1194
-555, -266, 1287
-442, 208, 1463
-379, 664, 1786
-295, 841, 1960
-234, 610, 1766
-220, 294, 1844
-,-,-
457, 376, 215
479, 614, 304
451, 805, 309
424, 822, 310
323, 755, 322
323, 755, 322
224, 688, 252
137, 813, 247
-17, 835, 118
-256, 720, 219
-585, 334, 636
-585, 334, 636
-1039, -569, 1043
-1212, -1510, 1400
-1137, -1911, 1425
-877, -1635, 497
-798, -1421, 789
-786, -1432, 1036
-747, -1309, 907
-809, -1247, 711
-941, -1252, 897
-859, -838, 1227
-859, -838, 1227
-626, -181, 1332
-340, 404, 1518
-177, 674, 1747
-164, 490, 1846
-,-,-
433, 353, 358
433, 353, 358
368, 258, 136
302, 308, 11
401, 562, 103
401, 771, 375
401, 771, 375
248, 668, 314
65, 484, 448
-133, 412, 619
-439, 54, 544
-627, -453, 575
-657, -793, 793
-657, -793, 793
-711, -938, 965
-828, -1025, 962
-880, -1431, 922
-1053, -1957, 1278
-1199, -1982, 1401
-1170, -1391, 1670
-742, -677, 936
-742, -677, 936
-719, -887, 872
-752, -887, 1198
-782, -309, 1462
-620, 457, 1680
-469, 947, 1996
-426, 828, 1998
-,-,-
394, 618, 171
377, 677, 97
162, 752, 139
162, 752, 139
-54, 666, 258
-294, 531, 608
-505, 227, 814
-728, -169, 864
-874, -551, 1124
-1005, -945, 1314
-1076, -1383, 1372
-1031, -1843, 1274
-912, -1781, 1214
-803, -1420, 1042
-766, -1294, 860
-811, -1341, 676
-879, -1434, 839
-895, -1130, 1053
-770, -532, 1117
-553, 110, 1353
-300, 708, 1546
-176, 1043, 1904
-,-,-
458, 484, 287
570, 517, 224
486, 526, 18
437, 526, -35
437, 484, -35
322, 658, 65
125, 629, 359
-101, 530, 602
-334, 396, 747
-334, 396, 747
-633, -81, 598
-870, -577, 784
-898, -954, 881
-960, -1340, 766
-1058, -1803, 635
-1156, -1998, 608
-1244, -1997, 771
-1249, -1606, 885
-1085, -1028, 1134
-947, -713, 1190
-846, -498, 1221
-671, -239, 1425
-532, 46, 1613
-470, 203, 1846
-443, 355, 1998
-,-,-
533, 730, 178
533, 730, 178
473, 888, 112
350, 866, -226
63, 724, -435
-376, 349, 86
-667, -43, 1076
-935, -449, 1943
-1038, -855, 1781
-961, -1072, 1170
-794, -1173, 948
-683, -1252, 1086
-636, -1245, 1205
-630, -1212, 1031
-805, -1614, 1062
-988, -1834, 858
-973, -1531, 724
-845, -1134, 834
-771, -945, 839
-774, -614, 919
-701, -50, 1202
-701, -50, 1202
-519, 517, 1580
-316, 830, 1917
-180, 883, 1993
-,-,-
558, 586, 78
625, 650, 141
504, 757, 198
504, 757, 198
374, 781, 175
231, 820, 131
63, 823, 70
-211, 679, 275
-211, 679, 275
-568, 250, 746
-869, -232, 1321
-961, -483, 1470
-949, -982, 1385
-907, -1367, 1220
-840, -1601, 856
-888, -1797, 733
-913, -1865, 855
-980, -1749, 756
-994, -1714, 533
-965, -1446, 625
-872, -911, 787
-722, -377, 947
-514, 204, 1231
-212, 725, 1709
-110, 885, 1779
-164, 603, 1575
-314, 228, 1717
-,-,-
479, 665, 290
479, 665, 290
409, 848, 385
361, 870, 587
184, 626, 596
0, 385, 607
0, 385, 607
-182, 126, 654
-413, -195, 623
-544, -502, 692
-619, -876, 906
-770, -1309, 1050
-929, -1764, 1107
-956, -1840, 1071
-894, -1568, 917
-791, -1511, 798
-704, -1441, 779
-663, -1100, 872
-569, -522, 1121
-454, 19, 1407
-325, 569, 1817
-325, 569, 1817
-264, 852, 1971
-271, 726, 1971
-400, 371, 1996
-,-,-
645, 831, 324
645, 831, 324
527, 713, 117
362, 698, -23
200, 771, 105
110, 707, 318
110, 707, 318
-10, 409, 480
-259, 110, 366
-496, -202, 267
-517, -555, 657
-588, -915, 900
-686, -967, 751
-876, -1385, 754
-1084, -1953, 1022
-1111, -1998, 960
-1011, -1760, 943
-935, -1236, 1224
-895, -908, 1393
-760, -503, 1631
-582, -279, 1557
-500, -155, 1523
-486, 81, 1630
-424, 435, 1903
-,-,-
342, 699, 956
217, 441, 488
-110, 344, 20
-422, -134, 221
-422, -134, 221
-531, -875, 771
-486, -1085, 1069
-313, -819, 769
-211, -560, 499
-247, -468, 325
-471, -620, 364
-712, -1266, 1027
-818, -1602, 1689
-845, -1581, 1269
-890, -1603, 597
-947, -1810, 127
-952, -1426, 731
-777, -680, 1330
-674, -305, 1426
-574, -158, 1512
-443, 82, 1594
-323, 367, 1623
-283, 605, 1831
-,-,-
488, 380, 367
473, 374, 268
409, 525, 155
336, 582, -66
290, 482, -416
97, 384, -257
97, 384, -257
-102, 366, 147
-357, 361, 866
-453, 204, 1061
-444, -122, 853
-302, -349, 709
-256, -523, 457
-387, -861, 382
-673, -1496, 487
-1011, -1962, 891
-1266, -1998, 1141
-1346, -1998, 1081
-1192, -1851, 1134
-900, -1254, 1403
-698, -584, 1512
-509, -27, 1513
-391, 187, 1570
-333, 367, 1648
-274, 544, 1671
-212, 713, 1685
-147, 742, 1746
-,-,-
472, 856, 308
494, 907, 140
326, 898, -36
326, 898, -36
167, 857, -139
-118, 545, 39
-457, 84, 340
-839, -548, 688
-994, -1138, 1085
-935, -1316, 1244
-855, -1458, 1196
-851, -1766, 1059
-891, -1981, 974
-847, -1904, 1057
-746, -1494, 1038
-639, -1196, 846
-645, -1164, 886
-651, -996, 1045
-546, -516, 1406
-345, 54, 1599
-151, 472, 1745
-37, 606, 1702
-37, 606, 1702
-68, 513, 1680
-,-,-
464, 817, 51
418, 1019, 169
289, 1015, 192
88, 855, 276
-59, 505, 324
-370, -71, 321
-370, -71, 321
-612, -402, 350
-717, -608, 747
-676, -858, 1143
-630, -1096, 1255
-632, -1357, 1095
-653, -1562, 872
-676, -1607, 946
-674, -1550, 948
-714, -1548, 800
-753, -1683, 476
-706, -1479, 645
-625, -861, 988
-566, -300, 1094
-474, 192, 1332
-301, 618, 1592
-167, 794, 1711
-196, 691, 1856
-,-,-
477, 319, 176
467, 277, 88
467, 277, 88
396, 340, 193
308, 376, 116
240, 343, 45
125, 429, -38
125, 429, -38
12, 496, 168
-92, 511, 563
-102, 535, 846
-244, 446, 968
-244, 446, 968
-568, -64, 966
-876, -939, 989
-1024, -1720, 1102
-1102, -1998, 1156
-1139, -1998, 1128
-1129, -1994, 1183
-715, -1292, 1296
-643, -1007, 1092
-684, -706, 1139
-710, -344, 1443
-574, 14, 1674
-574, 14, 1674
-416, 386, 1744
-201, 710, 1669
-97, 777, 1634
-,-,-
584, 895, 271
584, 895, 271
541, 1012, 118
411, 974, 97
254, 876, -13
54, 610, 191
-97, 268, 389
-97, 268, 389
-357, -45, 496
-618, -311, 545
-793, -650, 808
-998, -1393, 997
-1043, -1980, 1022
-935, -1998, 910
-812, -1873, 903
-740, -1530, 992
-801, -1503, 1069
-802, -1483, 1153
-714, -1163, 952
-533, -660, 699
-400, -360, 455
-384, -171, 841
-315, 11, 1397
-179, 324, 1933
-74, 594, 1998
-74, 594, 1998
3, 641, 1998
43, 659, 1836
-,-,-
479, 607, 255
440, 706, 198
295, 829, 83
108, 936, 142
-45, 802, 329
-45, 802, 329
-257, 396, 466
-400, -85, 625
-583, -560, 790
-745, -992, 779
-880, -1608, 807
-922, -1980, 1039
-893, -1916, 1293
-844, -1585, 1471
-767, -1319, 1437
-749, -1256, 1204
-680, -1185, 842
-565, -841, 826
-545, -373, 1146
-521, 284, 1387
-359, 863, 1695
-223, 958, 1811
-149, 815, 1770
-110, 707, 1957
-,-,-
369, 402, 307
315, 459, 249
315, 459, 249
295, 593, 202
223, 735, 196
150, 745, 178
-16, 454, 125
-16, 454, 125
-196, 123, 369
-326, -114, 564
-409, -415, 675
-460, -715, 714
-553, -1130, 714
-622, -1545, 889
-756, -1787, 894
-938, -1998, 831
-987, -1944, 568
-868, -1420, 682
-687, -764, 1050
-643, -307, 1173
-622, -52, 1341
-486, 189, 1570
-279, 497, 1614
-135, 674, 1546
-80, 697, 1575
-80, 697, 1575
-,-,-
422, 591, 40
383, 647, -83
383, 647, -83
261, 649, 14
153, 487, -16
18, 239, 263
18, 239, 263
-34, 97, 651
-100, -94, 800
-154, -198, 436
-229, -250, 280
-467, -752, 398
-639, -1433, 522
-819, -1785, 652
-961, -1966, 498
-1100, -1998, 833
-1138, -1990, 944
-1019, -1513, 876
-791, -685, 1255
-485, -112, 1560
-269, 105, 1527
-202, 227, 1546
-265, 283, 1711
-289, 283, 1871
-289, 319, 1871
-,-,-
423, 443, -342
423, 443, -342
339, 606, -337
172, 689, 253
-2, 569, 645
-146, 357, 735
-233, 233, 835
-233, 233, 835
-389, -65, 1009
-596, -509, 990
-755, -974, 776
-804, -1479, 891
-803, -1834, 1191
-824, -1901, 1254
-859, -1815, 945
-833, -1713, 864
-761, -1517, 892
-706, -1290, 920
-598, -916, 923
-500, -438, 1126
-409, 0, 1318
-347, 373, 1502
-276, 577, 1670
-188, 608, 1628
-113, 548, 1629
-,-,-
462, 624, 369
446, 763, 191
446, 763, 191
311, 785, 57
181, 544, 100
15, 157, 307
-103, -138, 352
-175, -146, 352
-175, -146, 352
-253, -237, 462
-366, -637, 621
-429, -903, 678
-472, -1003, 652
-621, -1149, 687
-797, -1494, 803
-995, -1927, 1023
-1065, -1998, 1069
-1011, -1833, 1038
-875, -1207, 1093
-735, -662, 1241
-618, -259, 1456
-565, 132, 1633
-491, 328, 1795
-411, 308, 1796
-303, 443, 1695
-188, 645, 1727
-,-,-
431, 661, 303
342, 713, 89
342, 713, 89
160, 523, -42
-23, 164, 12
-220, -180, 358
-285, -530, 449
-234, -535, 438
-234, -535, 438
-260, -306, 440
-270, -336, 596
-317, -620, 924
-357, -830, 1201
-438, -1054, 1286
-480, -1164, 1102
-592, -1550, 1079
-765, -1983, 1069
-797, -1868, 1177
-711, -1188, 1208
-650, -809, 1161
-536, -607, 1031
-439, -326, 1040
-344, 51, 1161
-246, 439, 1455
-135, 818, 1874
-143, 974, 1998
-123, 799, 1745
-,-,-
469, 463, 145
447, 640, 230
272, 474, 404
80, 204, 574
-62, 88, 609
-62, 88, 609
-175, 63, 841
-167, 66, 906
-249, -195, 669
-432, -592, 392
-568, -996, 456
-545, -1409, 894
-518, -1670, 1209
-539, -1715, 1073
-591, -1617, 942
-615, -1402, 856
-665, -1267, 905
-614, -1064, 962
-540, -824, 1013
-408, -490, 917
-408, -490, 917
-314, -165, 1044
-237, 230, 1302
-144, 615, 1620
-118, 715, 1942
-,-,-
497, 494, 189
425, 529, 249
279, 560, 212
157, 576, 443
104, 612, 635
-46, 529, 669
-46, 529, 669
-179, 352, 376
-341, 111, 400
-645, -494, 663
-835, -1183, 1008
-897, -1623, 1225
-851, -1815, 1201
-724, -1628, 935
-719, -1533, 894
-764, -1432, 1066
-775, -1228, 1156
-794, -1041, 1312
-683, -585, 1357
-548, -90, 1507
-396, 379, 1513
-245, 642, 1567
-129, 655, 1678
-,-,-
365, -100, 259
261, -108, 116
261, -108, 116
233, 120, 169
161, 265, 625
111, 296, 881
57, 365, 816
-57, 415, 724
-57, 415, 724
-135, 227, 863
-327, -103, 1055
-633, -737, 925
-837, -1514, 743
-928, -1974, 841
-976, -1998, 880
-1011, -1969, 611
-997, -1561, 782
-866, -1053, 1195
-672, -708, 1146
-485, -437, 1128
-334, -92, 1224
-258, 314, 1555
-248, 583, 1836
-220, 592, 1983
-177, 351, 1909
-,-,-
385, 531, 124
359, 673, 20
282, 708, 97
176, 557, 213
176, 557, 213
19, 421, 345
-221, 255, 658
-458, 4, 867
-852, -378, 1181
-1232, -1274, 1540
-1209, -1991, 1229
-1010, -1998, 631
-813, -1885, 164
-740, -1317, 111
-735, -1042, 509
-692, -1072, 987
-532, -966, 970
-465, -788, 775
-470, -606, 1023
-422, -101, 1295
-350, 532, 1703
-237, 773, 1998
-166, 583, 1997
-,-,-
330, 544, 103
327, 441, 20
293, 448, 80
287, 581, 296
287, 581, 296
82, 484, 275
-231, 304, 631
-566, -245, 986
-744, -924, 864
-686, -1138, 754
-633, -1209, 709
-666, -1321, 815
-747, -1498, 927
-825, -1635, 978
-861, -1671, 968
-780, -1505, 838
-679, -1211, 873
-638, -885, 1028
-606, -586, 1307
-551, -195, 1472
-451, 104, 1536
-451, 104, 1536
-369, 225, 1570
-314, 294, 1576
-,-,-
424, 500, -84
592, 798, -90
673, 1164, 57
673, 1164, 57
483, 1167, -144
-27, 623, -363
-562, 41, 78
-673, -313, 985
-717, -455, 1927
-791, -627, 1799
-823, -926, 1168
-896, -1442, 923
-864, -1779, 1117
-785, -1764, 1323
-731, -1448, 1072
-671, -1293, 719
-631, -1195, 605
-628, -1024, 742
-635, -858, 946
-535, -280, 1121
-353, 208, 1508
-243, 507, 1710
-243, 507, 1710
-172, 628, 1825
-111, 530, 1889
-106, 295, 1674
-,-,-
500, 734, 318
500, 734, 318
430, 742, 471
328, 693, 457
80, 649, 222
-275, 371, 297
-275, 371, 297
-589, -103, 843
-785, -670, 1371
-849, -1172, 1343
-762, -1310, 1071
-662, -1352, 998
-549, -1121, 1135
-489, -806, 1284
-505, -723, 1197
-610, -935, 1101
-736, -1236, 992
-838, -1502, 838
-835, -1269, 980
-723, -664, 1262
-582, -149, 1338
-,-,-
420, 591, 151
420, 591, 151
268, 621, 31
169, 631, 326
21, 443, 484
-189, 233, 497
-189, 233, 497
-348, 32, 668
-468, -191, 843
-634, -585, 719
-789, -1114, 646
-873, -1713, 750
-900, -1998, 883
-883, -1989, 746
-766, -1746, 687
-667, -1463, 700
-640, -1168, 663
-615, -815, 876
-543, -388, 1136
-459, -11, 1354
-289, 338, 1560
-143, 635, 1722
-,-,-
418, 708, 309
418, 708, 309
315, 628, 36
175, 737, 78
62, 761, 383
-83, 586, 849
-83, 586, 849
-252, 322, 1015
-570, -153, 818
-855, -819, 576
-992, -1422, 705
-1025, -1789, 1130
-963, -1765, 1428
-857, -1546, 1313
-823, -1447, 1013
-811, -1501, 830
-813, -1181, 962
-722, -599, 1235
-657, -81, 1414
-551, 241, 1372
-425, 570, 1539
-275, 668, 1659
-118, 661, 1675
-16, 660, 1673
-59, 602, 1673
-,-,-
273, 338, 451
273, 338, 451
177, 358, 451
133, 437, 398
131, 489, 307
11, 335, 249
11, 335, 249
-280, -97, 237
-466, -433, 512
-624, -801, 910
-762, -1234, 1279
-823, -1670, 1338
-798, -1802, 1290
-754, -1659, 903
-719, -1472, 715
-665, -1240, 698
-638, -1137, 783
-632, -1148, 909
-613, -795, 953
-547, -355, 1128
-419, 91, 1388
-235, 457, 1560
-63, 660, 1733
-12, 674, 1719
-,-,-
444, 554, 465
496, 631, 327
365, 551, 155
246, 483, 189
143, 434, 262
143, 434, 262
22, 329, 254
-174, -1, 199
-278, -322, 349
-353, -486, 638
-413, -623, 841
-496, -839, 894
-623, -1346, 696
-623, -1346, 696
-742, -1898, 768
-902, -1998, 1008
-959, -1926, 786
-797, -1476, 791
-563, -1061, 801
-437, -925, 654
-395, -826, 823
-346, -458, 1129
-355, -95, 1378
-314, 289, 1590
-251, 459, 1757
-158, 549, 1912
-49, 443, 1954
-,-,-
459, 464, 269
503, 497, 173
437, 454, 58
329, 564, 197
215, 661, 268
215, 661, 268
133, 617, 378
15, 474, 418
-136, 282, 495
-345, -14, 670
-648, -521, 888
-648, -521, 888
-869, -1050, 1076
-995, -1698, 1127
-1084, -1998, 1028
-977, -1640, 972
-878, -1190, 1159
-628, -852, 1155
-454, -534, 1087
-393, -301, 1003
-451, -83, 1286
-451, -83, 1286
-464, 281, 1659
-340, 687, 1879
-209, 856, 1931
-120, 815, 1830
-138, 646, 1746
-,-,-
238, 366, -28
237, 555, 148
94, 492, 287
94, 492, 287
-96, 235, 483
-361, -383, 732
-453, -744, 951
-451, -557, 901
-516, -408, 984
-549, -644, 997
-629, -1112, 1215
-683, -1416, 1496
-631, -1226, 1543
-583, -1071, 1191
-581, -1170, 987
-674, -1455, 976
-752, -1372, 1081
-717, -851, 1311
-673, -354, 1409
-571, 119, 1497
-395, 378, 1521
-188, 516, 1487
-86, 605, 1563
-86, 605, 1563
-,-,-
408, 386, 280
403, 413, 218
360, 545, 179
293, 813, 250
186, 837, 253
-126, 492, 378
-126, 492, 378
-371, 164, 639
-513, -112, 829
-628, -433, 898
-710, -732, 895
-774, -979, 879
-863, -1352, 1066
-877, -1571, 1302
-924, -1670, 1317
-998, -1667, 1155
-994, -1476, 1043
-876, -1017, 1018
-742, -599, 1116
-631, -119, 1367
-422, 374, 1562
-281, 642, 1710
-205, 744, 1667
-145, 744, 1611
-,-,-
510, 341, 189
510, 341, 189
428, 500, 41
357, 708, 178
324, 855, 329
249, 793, 543
249, 793, 543
91, 636, 696
-48, 487, 689
-181, 342, 732
-426, -106, 589
-670, -725, 577
-847, -1294, 808
-961, -1874, 980
-930, -1874, 853
-930, -1952, 853
-893, -1730, 861
-849, -1425, 1121
-818, -1263, 1173
-758, -900, 985
-758, -900, 985
-728, -672, 895
-603, -304, 1068
-431, 182, 1432
-335, 557, 1639
-348, 814, 1886
-348, 870, 1992
-322, 663, 1981
-,-,-
518, 493, 88
518, 493, 88
389, 358, -210
318, 481, -104
241, 569, 96
128, 442, 223
128, 442, 223
-60, 291, 420
-181, 218, 652
-282, 21, 859
-359, -263, 894
-526, -612, 904
-669, -950, 877
-755, -1240, 887
-846, -1533, 1039
-922, -1696, 1095
-985, -1951, 894
-965, -1797, 822
-849, -1292, 990
-748, -850, 1061
-658, -419, 1093
-490, 72, 1357
-490, 72, 1357
-349, 432, 1535
-317, 720, 1805
-,-,-
444, 504, 443
497, 675, 255
300, 664, -192
300, 664, -192
222, 459, -434
93, 340, 321
-57, 67, 779
-127, -149, 686
-127, -88, 413
-206, -156, 505
-206, -156, 505
-355, -568, 582
-495, -1053, 696
-586, -1306, 780
-772, -1671, 993
-905, -1982, 1035
-926, -1850, 808
-873, -1449, 1165
-727, -1044, 1286
-558, -737, 1124
-478, -527, 1127
-426, -341, 1230
-382, -72, 1395
-345, 225, 1683
-325, 424, 1878
-296, 501, 1868
-,-,-
491, 252, 244
491, 252, 244
461, 267, 119
430, 318, 303
368, 375, 360
263, 409, 275
185, 526, 212
185, 526, 212
100, 533, 364
-6, 388, 475
-102, 207, 434
-193, -30, 376
-322, -346, 511
-322, -346, 511
-461, -555, 779
-559, -762, 997
-701, -1110, 1199
-830, -1472, 1155
-886, -1501, 1135
-937, -1415, 1290
-866, -1209, 1403
-752, -1038, 1290
-648, -851, 1090
-560, -599, 1128
-496, -204, 1353
-414, 241, 1633
-345, 560, 1783
-311, 617, 1816
-319, 429, 1741
-353, 204, 1779
-329, 200, 1876
-,-,-
327, 323, 146
215, 367, 46
215, 367, 46
144, 476, 197
55, 391, 333
-48, 252, 519
-165, 129, 699
-165, 129, 699
-239, -36, 822
-326, -288, 887
-472, -636, 793
-578, -991, 833
-692, -1352, 1021
-787, -1482, 1134
-901, -1549, 1129
-922, -1447, 1145
-809, -1171, 1173
-670, -986, 1117
-624, -824, 1107
-602, -522, 1321
-563, -79, 1576
-511, 287, 1706
-406, 465, 1792
-302, 479, 1746
-221, 367, 1613
-165, 254, 1614
-,-,-
514, 541, 282
512, 524, 212
512, 524, 212
371, 415, 206
250, 358, 291
104, 260, 426
-8, 229, 433
-8, 229, 433
-60, 247, 232
-180, 180, 242
-393, -76, 354
-645, -474, 471
-806, -1030, 767
-739, -1463, 1206
-668, -1511, 1298
-596, -1248, 1275
-570, -1072, 1315
-545, -816, 1461
-634, -729, 1456
-754, -986, 1377
-794, -1095, 1333
-726, -707, 1414
-563, -51, 1562
-420, 518, 1634
-279, 691, 1603
-244, 650, 1584
-,-,-
449, 162, 124
449, 162, 124
444, 492, 112
449, 863, 265
377, 978, 307
167, 837, 347
-47, 837, 526
-47, 442, 526
-208, 94, 859
-375, -138, 1009
-628, -466, 907
-808, -913, 917
-830, -1322, 861
-784, -1551, 900
-780, -1537, 1180
-805, -1375, 1262
-876, -1400, 1111
-911, -1411, 914
-913, -1350, 884
-864, -959, 976
-782, -358, 1130
-653, 179, 1314
-528, 595, 1470
-378, 843, 1749
-306, 785, 1829
-,-,-
386, 184, 360
442, 273, 322
415, 450, 210
343, 416, -22
343, 416, -22
271, 469, 64
227, 475, 241
125, 421, 396
16, 322, 450
16, 322, 450
-93, 151, 419
-168, 74, 379
-226, -73, 377
-318, -403, 571
-436, -775, 712
-538, -1176, 845
-570, -1299, 1142
-617, -1406, 1069
-703, -1430, 990
-786, -1393, 1030
-855, -1368, 1119
-856, -1183, 1273
-786, -779, 1351
-654, -365, 1379
-509, 93, 1344
-439, 476, 1482
-439, 476, 1482
-457, 767, 1837
-326, 1010, 1998
-175, 1034, 1974
-,-,-
414, 62, 122
414, 62, 122
380, 241, 114
342, 452, 165
311, 525, 115
207, 434, 282
207, 434, 282
101, 218, 350
-42, 2, 504
-161, -76, 618
-262, -257, 823
-387, -570, 706
-387, -570, 706
-549, -1097, 351
-600, -1511, 457
-637, -1772, 695
-770, -1991, 656
-865, -1912, 520
-856, -1621, 794
-727, -1273, 976
-605, -1008, 884
-537, -825, 904
-467, -672, 1143
-456, -444, 1265
-438, -101, 1449
-358, 171, 1555
-268, 353, 1593
-205, 428, 1584
-144, 349, 1542
-,-,-
485, 410, 221
535, 519, 93
532, 665, 200
492, 780, 411
422, 791, 458
422, 791, 458
279, 649, 356
122, 490, 232
-81, 292, 263
-228, 171, 291
-311, 61, 444
-311, 61, 444
-347, -119, 555
-381, -353, 559
-477, -673, 555
-651, -1102, 606
-838, -1617, 771
-970, -1953, 1091
-1047, -1998, 1208
-1023, -1808, 1050
-920, -1339, 1003
-792, -948, 978
-733, -803, 1068
-726, -609, 1297
-654, -284, 1499
-570, 23, 1607
-440, 443, 1656
-262, 791, 1758
-136, 899, 1769
-178, 670, 1725
-,-,-
509, 468, 239
485, 658, -25
485, 658, -25
375, 873, -103
290, 946, -34
136, 783, 29
-95, 470, 199
-322, 16, 526
-322, 16, 526
-588, -690, 607
-548, -1011, 752
-426, -981, 799
-479, -1148, 776
-578, -1498, 735
-662, -1647, 855
-659, -1490, 1214
-700, -1407, 1277
-781, -1456, 898
-795, -1492, 725
-699, -1114, 1073
-606, -552, 1274
-528, -4, 1460
-339, 362, 1641
-204, 630, 1746
-150, 725, 1827
-,-,-
445, 250, 379
462, 502, 406
462, 502, 406
389, 774, 242
241, 1025, 199
120, 1158, 534
-68, 1012, 979
-277, 643, 1017
-391, 329, 866
-391, 329, 866
-447, -107, 606
-509, -653, 435
-584, -1294, 294
-593, -1823, 380
-595, -1976, 491
-682, -1998, 664
-800, -1998, 568
-917, -1998, 705
-926, -1797, 910
-848, -1294, 922
-715, -670, 961
-566, -196, 1203
-461, 169, 1380
-358, 447, 1500
-315, 545, 1540
-277, 507, 1539
-,-,-
489, 78, 192
434, 11, 198
373, 154, 70
386, 450, 58
386, 450, 58
352, 707, 181
335, 868, 346
269, 849, 577
77, 664, 703
77, 664, 703
-116, 435, 688
-202, 165, 703
-245, -182, 686
-397, -716, 447
-520, -1136, 235
-620, -1533, 413
-717, -1909, 706
-855, -1998, 840
-858, -1932, 920
-844, -1662, 963
-832, -1358, 993
-784, -977, 1082
-693, -614, 1338
-555, -322, 1501
-391, 0, 1543
-391, 0, 1543
-267, 359, 1561
-187, 628, 1597
-230, 624, 1654
-293, 387, 1876
-,-,-
336, 207, 180
395, 402, 373
383, 677, 383
360, 933, 328
219, 811, 314
219, 811, 314
67, 552, 497
-44, 310, 849
-188, 68, 1036
-391, -145, 909
-609, -621, 538
-710, -1251, 413
-713, -1672, 778
-662, -1630, 1011
-560, -1490, 731
-550, -1412, 603
-603, -1429, 640
-792, -1689, 615
-1018, -1973, 721
-1156, -1954, 859
-1091, -1355, 802
-911, -486, 846
-656, 133, 1043
-435, 251, 1254
-435, 251, 1254
-337, 351, 1521
-356, 723, 1931
-369, 1044, 1998
-337, 771, 1998
-,-,-
464, 367, 396
509, 500, 251
439, 672, -8
439, 672, -8
328, 774, -179
200, 780, 163
132, 675, 415
57, 436, 531
57, 436, 531
-16, 218, 582
-119, 15, 443
-249, -103, 393
-378, -459, 508
-517, -968, 674
-628, -1349, 858
-679, -1669, 894
-717, -1804, 744
-717, -1804, 744
-911, -1957, 775
-1041, -1971, 986
-1014, -1791, 1024
-732, -879, 901
-634, -535, 892
-634, -535, 892
-541, -314, 1062
-452, -74, 1265
-373, 305, 1603
-358, 591, 1931
-,-,-
378, 625, 235
400, 712, 284
400, 712, 284
378, 810, 288
299, 815, 234
160, 674, 203
-71, 260, 181
-273, -255, 254
-273, -255, 254
-373, -599, 456
-395, -845, 618
-407, -1016, 756
-432, -1118, 888
-486, -1216, 910
-636, -1436, 762
-871, -1810, 667
-1105, -1998, 609
-1046, -1752, 685
-864, -1101, 1002
-663, -638, 1072
-483, -363, 1077
-273, 27, 1323
-219, 288, 1658
-302, 481, 1946
-346, 503, 1973
-288, 371, 1812
-,-,-
451, 556, 158
435, 593, 67
352, 685, 22
253, 844, 247
253, 844, 247
200, 839, 324
83, 648, 277
-100, 472, 382
-249, 195, 575
-517, -428, 855
-517, -428, 855
-789, -1242, 767
-780, -1595, 589
-633, -1471, 678
-565, -1444, 850
-629, -1534, 1023
-885, -1938, 1164
-1014, -1827, 1085
-891, -1377, 576
-618, -1048, 576
-415, -792, 561
-339, -544, 707
-369, -226, 878
-443, 202, 1228
-385, 875, 1749
-220, 1599, 1998
-14, 1691, 1998
-,-,-
376, 44, 51
377, 129, 162
351, 295, 27
266, 352, -42
190, 499, -124
190, 499, -124
120, 622, 66
38, 665, 422
-66, 580, 710
-163, 410, 853
-291, 97, 775
-291, 97, 775
-413, -359, 629
-483, -802, 652
-616, -1167, 780
-848, -1747, 1029
-996, -1998, 1295
-851, -1899, 1157
-653, -1480, 1126
-574, -1332, 1049
-561, -1102, 1066
-586, -867, 987
-661, -751, 952
-611, -388, 1235
-454, 22, 1420
-334, 432, 1403
-227, 760, 1521
-124, 925, 1808
-78, 782, 1993
-,-,-
268, 414, 301
386, 586, 107
408, 778, 109
415, 705, 361
415, 705, 361
379, 601, 563
332, 591, 643
228, 609, 337
8, 433, 180
8, 433, 180
-436, -207, 244
-687, -738, 578
-719, -876, 1034
-937, -1276, 1275
-1201, -1930, 1440
-1209, -1998, 1642
-1027, -1753, 1737
-748, -1143, 1663
-615, -912, 1303
-573, -913, 1043
-613, -986, 1149
-605, -814, 1270
-466, -471, 1295
-290, 33, 1211
-178, 438, 1188
-117, 593, 1154
-124, 494, 1167
-,-,-
373, 642, -78
269, 529, -267
269, 529, -267
198, 442, -29
184, 376, 216
101, 363, 510
67, 380, 886
-30, 220, 1065
-30, 220, 1065
-229, -119, 964
-449, -532, 941
-626, -1015, 884
-776, -1597, 1076
-799, -1711, 1314
-863, -1697, 1410
-946, -1754, 1414
-930, -1563, 1273
-820, -1281, 1228
-728, -1136, 1020
-685, -863, 799
-624, -542, 947
-448, -186, 1255
-284, 194, 1450
-,-,-
410, 425, 57
429, 538, -57
397, 668, -61
274, 673, 32
87, 533, 73
87, 533, 73
15, 410, 353
3, 357, 895
3, 357, 895
-68, 222, 1088
-245, -87, 764
-397, -485, 599
-571, -1086, 564
-657, -1740, 762
-690, -1998, 955
-618, -1960, 756
-665, -1739, 605
-695, -1541, 625
-751, -1602, 569
-729, -1506, 812
-603, -959, 1227
-444, -432, 1235
-249, -3, 1290
-139, 345, 1534
-224, 451, 1710
-224, 451, 1710
-,-,-
425, 698, 320
368, 788, 343
230, 921, 422
89, 1016, 683
-30, 891, 562
-30, 891, 562
-245, 312, 554
-482, -360, 640
-647, -936, 732
-576, -1133, 802
-442, -1123, 749
-359, -1141, 534
-339, -1257, 467
-500, -1624, 584
-709, -1904, 795
-854, -1884, 1051
-878, -1662, 1110
-813, -1336, 1018
-717, -1025, 905
-652, -762, 848
-509, -516, 968
-410, -168, 1195
-400, 299, 1465
-410, 786, 1831
-305, 979, 1998
-217, 851, 1983
-,-,-
516, 782, 226
342, 833, -60
342, 833, -60
145, 802, 192
-84, 368, 367
-360, -209, 518
-558, -693, 676
-648, -966, 685
-674, -1370, 670
-650, -1613, 694
-609, -1629, 807
-556, -1538, 961
-541, -1381, 874
-631, -1333, 815
-751, -1548, 847
-765, -1451, 829
-702, -978, 844
-702, -978, 844
-561, -377, 1015
-338, 237, 1277
-242, 593, 1381
-,-,-
386, 276, 251
460, 381, 71
460, 381, 71
486, 454, -53
446, 531, -85
386, 513, 107
282, 388, 57
282, 388, 57
176, 307, -71
12, 293, 19
-81, 311, 114
-81, 311, 114
-138, 329, 518
-172, 209, 1099
-314, -294, 1240
-512, -970, 1009
-592, -1570, 862
-577, -1591, 967
-569, -1478, 1077
-667, -1563, 999
-736, -1757, 963
-784, -1785, 1007
-695, -1407, 995
-578, -860, 1143
-471, -190, 1377
-366, 349, 1666
-274, 559, 1934
-239, 535, 1981
-270, 315, 1998
-,-,-
588, 493, 208
588, 493, 208
535, 548, 324
390, 651, 452
288, 645, 261
99, 445, 27
99, 445, 27
-120, 259, -44
-288, 5, 65
-423, -299, 298
-520, -560, 581
-593, -812, 888
-593, -812, 888
-567, -952, 1148
-506, -915, 1389
-435, -872, 1579
-500, -974, 1478
-655, -1282, 1389
-786, -1693, 1408
-845, -1840, 1316
-779, -1562, 1194
-674, -1255, 1013
-494, -830, 638
-494, -830, 638
-441, -424, 820
-367, 61, 1078
-262, 567, 1471
-187, 1043, 1840
-,-,-
-258, 36, 601
-174, -321, 921
-155, -655, 902
-143, -977, 716
-147, -1074, 533
-186, -979, 497
-220, -770, 662
-220, -770, 662
-230, -529, 1201
-114, -373, 1804
-184, -705, 1408
-202, -863, 1043
-210, -888, 891
-209, -893, 845
-189, -963, 926
-190, -941, 1006
-271, -974, 950
-390, -1079, 835
-496, -1079, 780
-564, -1182, 765
-620, -1247, 657
-563, -1187, 563
-471, -886, 625
-437, -534, 618
-468, -217, 740
-451, -8, 979
-355, 217, 1388
-,-,-
473, 248, 743
387, 92, 307
387, 92, 307
376, 140, 202
319, 203, 153
195, 108, 221
64, 104, 563
64, 104, 563
-88, 178, 883
-220, 190, 1056
-287, 68, 1148
-476, -412, 1006
-725, -1107, 575
-784, -1692, 351
-672, -1831, 755
-783, -1988, 1027
-895, -1991, 809
-804, -1540, 657
-723, -1079, 1123
-608, -1002, 1035
-507, -929, 657
-433, -770, 657
-336, -416, 941
-312, -90, 1221
-349, 162, 1392
-349, 162, 1392
-383, 287, 1493
-,-,-
441, 452, 363
473, 354, 281
469, 437, 184
469, 437, 184
442, 589, 177
296, 547, 164
89, 311, 327
-104, 49, 702
-104, 49, 702
-260, -111, 1034
-424, -416, 1049
-509, -802, 813
-582, -932, 549
-699, -1126, 522
-811, -1657, 872
-962, -1998, 1200
-1040, -1998, 1064
-986, -1761, 788
-805, -1139, 968
-674, -864, 997
-627, -649, 1134
-493, -252, 1240
-370, 173, 1420
-331, 364, 1629
-309, 373, 1502
-270, 419, 1443
-248, 373, 1493
-,-,-
422, 20, 69
504, 35, 59
494, -23, -24
449, 111, -63
449, 111, -63
378, 358, 41
346, 424, 334
216, 331, 450
170, 207, 338
170, 207, 338
159, 234, 651
147, 373, 999
91, 268, 872
-40, -108, 424
-160, -553, 324
-160, -553, 324
-228, -897, 568
-267, -998, 788
-398, -1014, 947
-671, -1516, 983
-802, -1942, 1053
-829, -1998, 1058
-833, -1996, 997
-801, -1788, 909
-727, -1520, 837
-629, -1247, 831
-544, -919, 846
-490, -648, 1022
-435, -484, 1227
-406, -247, 1279
-323, 101, 1437
-294, 145, 1422
-298, -123, 1190
-,-,-
530, 266, 178
578, 360, 157
475, 348, -33
346, 368, 54
346, 368, 54
250, 367, 357
149, 262, 650
1, 134, 570
-148, -45, 440
-148, -45, 440
-228, -210, 515
-204, -179, 886
-211, -125, 1202
-233, -421, 1107
-264, -898, 647
-282, -1274, 450
-314, -1466, 655
-385, -1537, 760
-475, -1585, 671
-558, -1746, 528
-724, -1977, 330
-799, -1983, 180
-762, -1648, 417
-729, -1169, 789
-604, -722, 1123
-449, -328, 1328
-276, -74, 1406
-176, 48, 1570
-195, 32, 1564
-292, -3, 1647
-292, -3, 1647
-,-,-
513, -6, 479
534, 183, 289
534, 183, 289
514, 200, 69
466, 164, 114
441, 262, 253
360, 355, 226
360, 355, 226
289, 547, 164
185, 632, 173
-11, 546, 255
-225, 313, 279
-324, 109, 586
-324, 109, 586
-359, -13, 835
-404, -301, 721
-380, -586, 689
-340, -932, 527
-371, -1167, 531
-448, -1263, 820
-656, -1650, 1028
-824, -1915, 1276
-935, -1998, 1291
-948, -1969, 978
-822, -1659, 788
-631, -1243, 871
-561, -866, 1042
-505, -481, 1041
-423, -256, 1072
-366, -141, 1182
-368, 12, 1180
-332, 261, 1550
-396, 430, 1991
-,-,-
463, 393, 250
469, 332, 33
414, 318, -186
414, 318, -186
391, 368, -155
361, 519, 70
288, 500, 114
99, 230, 14
99, 230, 14
-76, 73, 45
-171, 53, 422
-277, -82, 958
-295, -153, 1337
-289, -72, 1248
-250, -218, 1112
-250, -218, 1112
-295, -581, 928
-511, -1204, 727
-763, -1924, 721
-943, -1998, 710
-937, -1998, 601
-798, -1824, 790
-691, -1434, 833
-666, -1331, 684
-639, -1052, 852
-608, -700, 1054
-517, -283, 1496
-357, 236, 1746
-168, 545, 1793
-,-,-
440, 97, 320
447, 104, 288
447, 104, 288
466, 221, 249
488, 295, 163
413, 280, 140
330, 373, 133
330, 373, 133
234, 385, 211
151, 348, 525
48, 307, 834
-49, 218, 889
-189, 14, 841
-189, 14, 841
-388, -510, 687
-493, -1010, 539
-549, -1293, 524
-612, -1575, 502
-716, -1921, 451
-764, -1998, 439
-720, -1796, 755
-625, -1216, 937
-579, -949, 763
-671, -1112, 690
-706, -1096, 894
-640, -668, 1215
-393, -4, 1308
-179, 345, 1334
-71, 327, 1559
-88, -2, 1872
-88, -2, 1872
-145, -318, 1998
-,-,-
563, 461, 250
540, 538, -46
540, 538, -46
441, 764, -61
368, 915, 8
200, 750, 402
-14, 395, 812
-14, 395, 812
-264, 99, 1134
-415, -129, 1223
-587, -632, 1136
-628, -1175, 837
-616, -1472, 438
-557, -1570, 308
-530, -1605, 541
-529, -1658, 800
-583, -1725, 698
-651, -1694, 357
-713, -1621, 351
-698, -1306, 589
-549, -798, 918
-396, -443, 1124
-348, -60, 1237
-306, 285, 1387
-293, 295, 1529
-220, 278, 1661
-160, 268, 1880
-160, 268, 1880
-192, 172, 1996
-,-,-
443, 335, 158
508, 519, 136
508, 519, 136
549, 805, 218
588, 956, 59
452, 821, 10
332, 678, 64
332, 678, 64
199, 549, 307
39, 356, 602
-163, 153, 598
-378, -152, 503
-378, -152, 503
-459, -386, 630
-572, -584, 831
-701, -1063, 1022
-807, -1641, 911
-725, -1915, 811
-632, -1754, 853
-599, -1586, 733
-617, -1476, 666
-667, -1488, 712
-754, -1528, 633
-766, -1301, 651
-611, -778, 696
-362, -238, 1176
-244, 165, 1494
-263, 348, 1627
-301, 304, 1691
-306, 85, 1614
-281, -90, 1638
-268, -140, 1865
-255, -101, 1998
-,-,-
521, 558, 303
563, 689, 215
517, 624, 151
517, 624, 151
334, 533, 20
75, 263, 151
-142, -156, 485
-267, -296, 613
-279, -162, 730
-279, -162, 730
-238, -59, 876
-224, -94, 885
-362, -516, 617
-495, -1027, 483
-571, -1580, 536
-697, -1971, 881
-849, -1998, 791
-900, -1968, 489
-810, -1653, 490
-658, -1262, 656
-507, -939, 740
-468, -570, 983
-405, -213, 1319
-360, 26, 1452
-358, 245, 1573
-342, 410, 1752
-315, 434, 1969
-315, 434, 1969
-,-,-
424, 375, 189
523, 479, 143
376, 388, 95
341, 126, -1
341, 126, -1
341, 125, 30
332, 219, 336
156, 203, 534
156, 203, 534
50, 166, 706
-16, 152, 758
-129, -90, 657
-323, -555, 628
-401, -1167, 655
-493, -1726, 740
-494, -1910, 787
-513, -1721, 822
-474, -1370, 922
-493, -1079, 993
-522, -1033, 984
-605, -1123, 1085
-557, -906, 987
-439, -522, 1246
-312, -74, 1491
-312, -74, 1491
-280, 253, 1612
-279, 339, 1798
-297, 246, 1908
-265, 161, 1951
-241, 87, 1998
-,-,-
473, 172, 207
491, 283, 82
413, 508, -8
379, 717, -19
379, 717, -19
197, 561, 133
-5, 258, 364
-166, 66, 486
-296, -165, 700
-346, -256, 811
-346, -256, 811
-350, -244, 832
-439, -527, 831
-604, -1033, 838
-772, -1764, 885
-795, -1998, 989
-888, -1998, 775
-926, -1945, 583
-818, -1676, 471
-678, -1259, 843
-541, -780, 1162
-522, -274, 1235
-517, 159, 1477
-491, 360, 1814
-387, 446, 1944
-285, 454, 1998
-,-,-
456, 448, 440
546, 525, 489
399, 554, 374
234, 542, 291
234, 542, 291
116, 495, 453
-82, 214, 551
-229, -98, 510
-252, -320, 623
-294, -484, 749
-395, -800, 740
-504, -1271, 596
-556, -1692, 585
-556, -1692, 681
-556, -1899, 681
-641, -1789, 750
-691, -1566, 759
-676, -1353, 699
-625, -1294, 592
-544, -1118, 647
-474, -618, 969
-387, -72, 1251
-351, 358, 1417
-306, 539, 1638
-254, 565, 1827
-255, 487, 1991
-,-,-
546, 396, 413
546, 396, 413
519, 374, 358
453, 332, 384
392, 285, 274
323, 259, 460
261, 285, 475
261, 285, 475
161, 360, 362
0, 347, 219
-181, 164, 242
-262, -139, 588
-276, -185, 1086
-358, -252, 1317
-504, -593, 1100
-725, -1285, 806
-725, -1285, 730
-727, -1880, 730
-656, -1849, 944
-631, -1587, 1151
-729, -1525, 1043
-620, -914, 1116
-530, -663, 986
-530, -663, 986
-468, -324, 1107
-371, -1, 1253
-266, 299, 1296
-170, 449, 1350
-91, 537, 1440
-75, 576, 1578
-,-,-
491, 411, 387
496, 525, 319
496, 525, 319
495, 651, 150
394, 614, -144
324, 617, -293
254, 565, -284
103, 501, 35
103, 501, 35
-77, 424, 464
-310, 123, 785
-523, -347, 898
-620, -895, 936
-623, -1331, 928
-571, -1598, 848
-432, -1444, 818
-351, -1252, 788
-372, -1342, 861
-436, -1538, 760
-475, -1602, 594
-550, -1576, 659
-626, -1423, 598
-599, -1161, 631
-568, -899, 969
-500, -606, 1084
-531, -330, 1231
-531, -330, 1231
-511, -5, 1513
-398, 279, 1727
-283, 309, 1721
-177, 160, 1661
-205, 69, 1728
-,-,-
448, 183, 381
423, 88, 90
423, 88, 90
390, 126, -86
353, 353, -37
254, 316, 21
45, 79, 38
45, 79, 38
-55, 56, 125
-54, 117, 432
-35, 49, 737
-35, 49, 737
-24, -40, 888
-81, -154, 892
-239, -576, 724
-469, -1323, 638
-589, -1952, 540
-657, -1998, 417
-732, -1998, 356
-687, -1974, 454
-610, -1692, 603
-509, -1303, 955
-438, -983, 1070
-406, -623, 1122
-365, -248, 1489
-365, -248, 1489
-256, 51, 1745
-171, 144, 1800
-155, 47, 1731
-,-,-
478, 410, 389
546, 473, 432
460, 630, 494
411, 689, 552
411, 689, 552
246, 439, 478
77, 216, 390
-72, 77, 419
-232, -345, 592
-232, -345, 592
-363, -818, 669
-392, -1084, 484
-319, -1024, 271
-354, -1362, 182
-453, -1762, 220
-517, -1978, 453
-592, -1853, 493
-676, -1764, 479
-612, -1484, 494
-457, -1094, 641
-391, -847, 781
-382, -511, 1017
-354, -139, 1482
-299, 10, 1840
-205, 175, 1915
-80, 269, 1969
-9, 155, 1770
-,-,-
423, 415, 185
538, 508, 149
417, 593, 55
417, 593, 55
335, 697, 159
202, 496, 322
4, 82, 434
-117, -159, 510
-117, -159, 510
-224, -272, 588
-292, -337, 341
-346, -506, 293
-472, -1091, 426
-444, -1445, 635
-532, -1783, 789
-598, -1971, 578
-651, -1817, 443
-601, -1425, 879
-477, -1071, 1161
-365, -915, 973
-439, -1011, 760
-553, -979, 941
-538, -560, 1306
-373, -35, 1685
-245, 471, 1896
-,-,-
479, 622, 421
549, 584, 258
459, 571, 82
459, 571, 82
368, 566, 33
238, 500, 81
55, 262, 256
55, 262, 256
-138, -64, 521
-348, -577, 656
-402, -720, 594
-457, -814, 476
-439, -970, 620
-363, -1080, 660
-425, -1326, 677
-458, -1604, 628
-552, -1690, 449
-706, -1901, 594
-820, -1695, 1107
-789, -1133, 1471
-660, -617, 1475
-489, -274, 1281
-402, -69, 1384
-439, 54, 1719
-448, 249, 1974
-394, 369, 1998
-,-,-
492, 565, 358
503, 460, 283
360, 330, 50
209, 286, 187
130, 205, 357
130, 205, 357
62, -16, 293
-119, -202, 281
-258, -593, 572
-249, -732, 910
-214, -732, 795
-187, -776, 502
-218, -929, 317
-274, -1146, 447
-316, -1165, 772
-403, -1138, 823
-660, -1628, 634
-878, -1992, 532
-903, -1717, 745
-740, -1066, 1140
-595, -437, 1172
-467, -6, 1242
-467, -6, 1242
-489, 126, 1528
-563, 192, 1869
-,-,-
467, 405, 428
415, 341, 449
398, 468, 311
292, 426, 385
132, 239, 506
132, 239, 506
-43, -103, 495
-197, -429, 319
-265, -653, 285
-301, -649, 439
-298, -605, 569
-269, -630, 633
-231, -752, 678
-266, -1031, 709
-321, -1309, 690
-394, -1539, 651
-403, -1576, 538
-408, -1436, 460
-421, -1351, 511
-444, -1230, 585
-501, -1252, 437
-523, -1148, 393
-480, -686, 879
-378, -214, 1411
-287, 84, 1505
-287, 84, 1505
-276, 225, 1581
-293, 208, 1795
-337, 124, 1975
-,-,-
480, 368, 171
478, 421, 145
400, 507, 213
310, 611, 550
181, 447, 802
181, 447, 802
60, 441, 813
4, 476, 740
-185, -116, 764
-295, -832, 619
-249, -1033, 323
-244, -1083, 162
-287, -1259, 57
-287, -1259, 57
-394, -1550, 25
-501, -1821, 260
-575, -1965, 379
-675, -1998, 276
-632, -1713, 194
-493, -1092, 528
-358, -419, 1094
-303, -45, 1417
-281, 114, 1792
-266, 238, 1998
-325, 118, 1998
-316, -116, 1917
-,-,-
389, 247, 162
393, 353, 186
364, 534, 238
323, 568, 316
222, 495, 352
222, 495, 352
177, 385, 455
101, 265, 585
26, 104, 709
-16, -17, 963
-16, -17, 963
-51, -204, 944
-193, -529, 597
-296, -777, 393
-344, -1118, 501
-459, -1622, 763
-547, -1819, 823
-578, -1613, 751
-663, -1534, 820
-841, -1795, 688
-1008, -1926, 711
-947, -1343, 987
-733, -547, 1133
-524, 101, 1422
-349, 502, 1635
-306, 567, 1681
-430, 352, 1784
-,-,-
527, 424, 40
506, 481, 73
439, 673, 77
290, 625, 16
290, 625, 16
78, 374, -25
-99, 80, 187
-211, -285, 601
-279, -371, 855
-381, -397, 841
-381, -397, 841
-467, -628, 881
-587, -1160, 1003
-640, -1699, 1063
-618, -1628, 1025
-573, -1299, 748
-573, -1427, 578
-531, -1561, 535
-542, -1560, 602
-580, -1394, 720
-482, -815, 830
-358, -232, 1272
-242, 143, 1548
-192, 344, 1621
-207, 336, 1657
-309, 92, 1762
-,-,-
602, 615, 117
599, 532, -66
481, 551, -112
361, 449, 13
361, 449, 13
204, 286, 216
0, 16, 448
-212, -278, 483
-370, -574, 668
-396, -686, 898
-396, -686, 898
-408, -821, 942
-350, -923, 654
-307, -1032, 379
-323, -1153, 564
-336, -1223, 901
-472, -1427, 964
-707, -1855, 757
-832, -1958, 546
-729, -1476, 733
-528, -817, 1127
-416, -414, 1407
-346, -126, 1338
-380, -17, 1323
-446, -26, 1481
-392, 96, 1748
-305, 249, 1935
-,-,-
367, 143, 302
373, 251, 312
373, 251, 312
287, 340, 330
176, 274, 250
100, 211, 295
62, 81, 301
62, 81, 301
11, 39, 360
42, 45, 408
71, 13, 381
71, 13, 381
54, -184, 279
-35, -568, 310
-74, -834, 505
-74, -834, 505
-262, -1136, 742
-502, -1751, 849
-646, -1998, 912
-676, -1864, 856
-641, -1401, 1035
-551, -1088, 1000
-463, -929, 904
-409, -718, 1068
-411, -486, 1317
-397, -170, 1592
-360, 146, 1776
-341, 357, 1938
-,-,-
488, 432, 131
558, 376, -49
486, 534, 72
486, 534, 72
385, 479, 71
217, 287, 171
110, 167, 363
10, 31, 592
10, 31, 592
-78, -71, 797
-132, -177, 813
-239, -422, 575
-369, -742, 424
-437, -1068, 556
-554, -1616, 880
-650, -1985, 908
-672, -1859, 701
-649, -1621, 767
-637, -1448, 827
-546, -1284, 730
-506, -1086, 884
-506, -1086, 884
-450, -709, 1139
-426, -270, 1391
-460, 65, 1692
-460, 247, 1938
-,-,-
515, 470, 213
491, 351, 45
364, 351, -184
254, 419, -162
132, 363, 302
132, 363, 302
6, 198, 748
-135, 111, 915
-206, -34, 939
-300, -348, 944
-456, -853, 835
-550, -1229, 725
-549, -1525, 746
-549, -1525, 849
-537, -1499, 849
-516, -1366, 784
-516, -1379, 802
-561, -1533, 680
-661, -1811, 366
-715, -1731, 321
-698, -1087, 891
-602, -303, 1436
-500, 287, 1639
-346, 419, 1694
-214, 359, 1640
-231, 261, 1819
-,-,-
499, 550, 330
447, 452, 218
315, 381, 134
167, 184, 94
51, 62, 9
51, 62, 9
-90, -53, 136
-277, -475, 416
-277, -475, 416
-313, -731, 993
-264, -684, 1309
-331, -818, 897
-422, -1224, 510
-507, -1644, 568
-544, -1695, 804
-548, -1494, 855
-583, -1318, 851
-578, -1186, 746
-506, -1160, 642
-527, -1230, 617
-537, -1026, 748
-537, -635, 1107
-455, -117, 1459
-349, 337, 1731
-303, 572, 1962
-292, 501, 1998
-320, 219, 1998
-,-,-
511, 350, 355
573, 474, 308
554, 505, 164
483, 434, 144
372, 435, 277
372, 435, 277
267, 418, 463
185, 331, 442
96, 288, 343
24, 230, 386
24, 230, 386
-136, -140, 424
-335, -548, 489
-467, -821, 574
-567, -1138, 665
-620, -1612, 708
-605, -1745, 676
-643, -1703, 615
-717, -1694, 611
-713, -1446, 635
-678, -1254, 890
-629, -1112, 960
-583, -676, 1239
-459, -131, 1484
-339, 183, 1554
-300, 331, 1783
-374, 400, 1986
-409, 393, 1998
-,-,-
453, 289, 278
564, 523, 309
522, 466, 172
398, 338, 127
313, 406, 162
256, 422, 226
256, 422, 226
180, 368, 152
50, 265, 112
-76, 51, 227
-219, -307, 482
-219, -307, 482
-349, -661, 674
-491, -990, 908
-596, -1261, 1073
-673, -1550, 1121
-713, -1876, 1062
-727, -1793, 1005
-702, -1599, 1031
-681, -1500, 912
-571, -1259, 960
-452, -977, 1156
-416, -588, 1249
-340, -100, 1377
-274, 210, 1580
-228, 420, 1832
-259, 496, 1995
-,-,-
459, 290, 416
565, 443, 302
475, 432, -47
412, 445, -277
414, 474, -226
414, 474, -226
294, 343, -28
152, 209, 196
31, 69, 507
-119, -215, 700
-261, -437, 842
-368, -601, 938
-368, -601, 938
-509, -816, 953
-775, -1642, 906
-953, -1998, 787
-860, -1970, 401
-720, -1614, 605
-557, -1416, 701
-445, -1451, 634
-389, -1156, 816
-376, -640, 1158
-380, -245, 1572
-372, 91, 1938
-346, 195, 1998
-253, 226, 1854
-159, 118, 1750
-,-,-
529, 395, 330
618, 513, 295
567, 625, 206
487, 665, 162
359, 599, 369
359, 599, 369
233, 461, 657
69, 363, 632
-164, 67, 494
-291, -250, 684
-291, -250, 836
-373, -494, 836
-469, -918, 834
-510, -1298, 804
-503, -1380, 786
-501, -1210, 922
-423, -1047, 1051
-422, -1106, 1092
-557, -1387, 1007
-640, -1448, 962
-630, -1158, 1223
-595, -678, 1464
-461, -150, 1370
-322, 32, 1385
-162, 196, 1368
-203, 240, 1446
-319, 265, 1667
-325, 419, 1961
-,-,-
530, 409, 149
530, 409, 149
509, 504, -102
454, 494, -40
387, 448, 50
222, 380, 274
106, 321, 517
106, 321, 517
-84, -4, 667
-338, -494, 764
-499, -870, 941
-559, -1197, 835
-663, -1749, 736
-757, -1998, 657
-759, -1998, 552
-647, -1868, 828
-496, -1566, 868
-381, -1433, 500
-345, -1410, 197
-420, -1461, 356
-447, -1126, 687
-286, -437, 1093
-133, 80, 1504
-46, 298, 1538
-46, 298, 1538
-38, 211, 1428
-72, -85, 1475
-121, -246, 1590
-,-,-
428, -86, 3
459, -72, -107
473, 244, 28
523, 553, 326
439, 537, 380
439, 537, 380
298, 582, 389
184, 561, 614
1, 400, 794
-110, 298, 827
-110, 298, 827
-264, -219, 757
-458, -873, 441
-584, -1261, 213
-680, -1575, 308
-728, -1935, 227
-768, -1998, 433
-708, -1936, 769
-613, -1604, 416
-568, -1494, 117
-599, -1420, 612
-547, -1053, 934
-417, -484, 986
-285, -7, 1119
-172, 185, 1198
-110, 198, 1426
-183, 31, 1824
-375, -118, 1998
-,-,-
531, 328, 221
575, 402, 262
498, 506, 170
458, 647, 220
378, 559, 364
378, 559, 364
195, 350, 423
3, 107, 529
-114, -149, 621
-207, -399, 661
-267, -692, 696
-357, -1104, 589
-386, -1336, 441
-386, -1408, 378
-396, -1594, 410
-445, -1763, 442
-530, -1936, 374
-619, -1936, 233
-619, -1754, 233
-572, -1423, 210
-469, -1075, 619
-277, -591, 922
-260, -144, 1238
-250, 165, 1687
-205, 296, 1998
-125, 219, 1951
-130, 95, 1778
-176, 21, 1797
-,-,-
523, 556, 129
523, 556, 129
427, 420, 14
340, 378, 171
216, 169, 232
137, 57, 230
137, 57, 230
55, -38, 263
-19, -215, 563
-81, -423, 891
-168, -628, 783
-271, -825, 539
-436, -1222, 305
-589, -1853, 492
-585, -1998, 742
-602, -1960, 811
-652, -1767, 666
-632, -1479, 584
-549, -1331, 715
-549, -1331, 715
-459, -1159, 648
-386, -691, 847
-352, -220, 1232
-259, 17, 1596
-41, 241, 1841
28, 318, 1875
-87, 194, 1838
-212, -44, 1884
-,-,-
372, 162, 134
479, 338, 20
459, 460, -87
392, 444, -28
392, 444, -28
241, 392, 127
100, 83, 335
-9, -160, 453
-16, -147, 722
-16, -147, 722
-116, -508, 959
-201, -841, 901
-210, -960, 479
-195, -1171, 189
-307, -1640, 74
-452, -1995, 34
-582, -1998, -68
-603, -1928, -186
-564, -1745, -45
-534, -1447, 281
-374, -964, 833
-247, -472, 1365
-229, -215, 1532
-365, -231, 1863
-460, -315, 1880
-508, -358, 1976
-469, -317, 1998
-,-,-
490, 127, 77
492, 229, -35
492, 229, -35
554, 418, 162
444, 345, 231
333, 269, 248
243, 253, 331
243, 253, 331
141, 256, 360
47, 269, 540
-24, 238, 846
-231, -195, 957
-432, -785, 705
-469, -1089, 595
-469, -1089, 595
-618, -1606, 700
-737, -1998, 645
-735, -1998, 345
-704, -1878, 202
-609, -1417, 602
-495, -1171, 707
-364, -1076, 598
-295, -923, 730
-281, -609, 1066
-279, -207, 1499
-247, 59, 1839
-254, 160, 1996
-252, 40, 1921
-,-,-
451, 376, 198
567, 511, 156
494, 637, 131
494, 637, 131
355, 552, 120
178, 277, 233
25, -14, 449
-80, -205, 573
-168, -321, 637
-243, -644, 698
-243, -644, 698
-320, -1062, 736
-362, -1355, 693
-479, -1830, 515
-584, -1998, 248
-595, -1952, 82
-566, -1593, 209
-474, -1313, 188
-386, -1234, 263
-397, -975, 885
-345, -418, 1346
-290, 9, 1576
-208, 300, 1756
-105, 267, 1951
-152, 16, 1929
-239, -237, 1956
-280, -306, 1998
-,-,-
459, 420, 255
524, 464, 193
409, 419, 14
409, 419, 14
264, 334, -124
96, 205, -75
-43, -37, 368
-117, -294, 897
-168, -388, 1087
-251, -647, 954
-251, -647, 954
-313, -991, 759
-379, -1462, 541
-458, -1857, 467
-512, -1885, 437
-450, -1582, 554
-406, -1389, 483
-399, -1418, 269
-419, -1549, 249
-440, -1082, 787
-411, -259, 1486
-292, 368, 1970
-167, 494, 1998
-75, 223, 1878
-124, -148, 1715
-,-,-
425, 143, 221
494, 208, 153
459, 279, 25
361, 282, 58
361, 282, 58
310, 312, 121
238, 274, 312
160, 187, 558
91, 77, 750
91, 77, 750
53, -100, 975
-83, -410, 967
-235, -783, 726
-347, -996, 619
-464, -1423, 521
-558, -1934, 322
-556, -1998, 221
-500, -1738, 336
-500, -1738, 336
-483, -1362, 487
-492, -1211, 325
-511, -1286, 381
-567, -1245, 483
-561, -750, 1086
-467, -84, 1799
-326, 349, 1991
-158, 488, 1887
-70, 355, 1842
-136, -1, 1855
-230, -287, 1928
-,-,-
504, 87, 64
504, 87, 64
507, 178, 52
484, 302, 203
445, 439, 284
445, 439, 284
382, 485, 88
258, 453, 35
106, 449, 358
-41, 363, 758
-41, 363, 758
-200, 97, 1003
-388, -287, 1019
-492, -749, 884
-549, -1406, 629
-560, -1899, 297
-575, -1998, 74
-601, -1934, 151
-548, -1589, 243
-472, -1434, 184
-400, -1461, 217
-359, -1340, 586
-381, -951, 952
-305, -393, 1231
-301, -27, 1574
-303, 97, 1835
-297, 139, 1997
-309, 12, 1998
-309, 12, 1998
-,-,-
572, 605, 155
572, 605, 155
531, 640, 52
416, 416, 85
279, 169, 170
279, 169, 170
142, -77, 337
46, -123, 399
24, -47, 530
-7, -169, 784
-139, -506, 784
-139, -506, 784
-283, -1225, 515
-281, -1519, 335
-290, -1661, 301
-277, -1611, 315
-267, -1584, 275
-345, -1675, 320
-397, -1708, 364
-409, -1654, 244
-447, -1589, 279
-452, -1247, 591
-392, -724, 1090
-316, -312, 1508
-281, -157, 1799
-231, 16, 1974
-121, 95, 1937
-42, 48, 1880
-29, 20, 1839
-,-,-
528, 449, 325
528, 449, 325
348, 409, 178
250, 455, 204
133, 210, 243
20, -61, 119
20, -61, 119
-16, -208, 72
12, -433, 335
92, -679, 711
88, -967, 681
88, -967, 681
67, -1084, 204
32, -1121, -206
-21, -1303, -177
-95, -1514, 203
-199, -1630, 366
-383, -1953, 386
-566, -1998, 326
-653, -1890, 482
-520, -1311, 947
-368, -652, 1467
-148, -185, 1336
-127, -261, 1288
-188, -413, 1454
-265, -306, 1681
-264, -10, 1942
-133, 222, 1758
1, 117, 1671
-,-,-
475, 495, 100
519, 570, 66
419, 567, 13
419, 567, 13
295, 375, 60
137, 71, 364
-18, -247, 642
-67, -485, 768
-67, -485, 768
-43, -645, 816
-16, -690, 705
-30, -886, 492
-96, -1117, 288
-164, -1251, 179
-307, -1401, 322
-446, -1687, 416
-528, -1982, 244
-540, -1945, 272
-502, -1552, 590
-426, -1055, 967
-312, -657, 1267
-272, -708, 1257
-300, -776, 1176
-257, -460, 1395
-202, -43, 1791
-171, 178, 1972
-107, 258, 1804
-107, 258, 1804
-111, 142, 1649
-,-,-
501, 363, 147
505, 457, 16
464, 523, -21
390, 393, 123
358, 314, 171
358, 314, 171
311, 314, 410
197, 207, 387
0, -169, 277
-111, -505, 439
-117, -557, 769
-174, -585, 936
-174, -585, 936
-397, -1043, 711
-476, -1472, 635
-597, -1924, 644
-669, -1998, 425
-672, -1995, 206
-619, -1741, 414
-474, -1300, 676
-343, -933, 866
-228, -683, 889
-204, -564, 1011
-219, -453, 1310
-237, -222, 1701
-256, 14, 1958
-167, 142, 1919
-,-,-
495, 238, 324
594, 464, 248
492, 423, 28
361, 421, 81
361, 421, 308
272, 377, 308
210, 365, 459
114, 128, 497
-55, -257, 542
-142, -601, 461
-165, -784, 556
-220, -873, 645
-220, -873, 645
-339, -1149, 620
-494, -1622, 491
-620, -1997, 488
-657, -1998, 275
-592, -1850, 232
-442, -1577, 289
-406, -1501, 185
-445, -1291, 613
-431, -839, 1131
-285, -393, 1472
-132, -97, 1573
-17, 117, 1628
23, 136, 1711
-41, -46, 1641
-106, -296, 1571
-154, -505, 1614
-,-,-
485, 91, 78
421, 87, -73
421, 87, -73
432, 245, -58
375, 281, -7
271, 119, 12
271, 119, 12
246, 69, 226
224, 103, 482
185, 107, 640
99, -89, 717
99, -89, 717
-19, -340, 725
-157, -619, 750
-259, -844, 833
-436, -1282, 842
-585, -1857, 760
-587, -1998, 546
-565, -1967, 504
-469, -1568, 590
-435, -1275, 544
-363, -1183, 456
-330, -984, 814
-326, -789, 841
-270, -503, 1018
-212, -271, 1209
-133, -65, 1316
-133, -65, 1316
-93, 46, 1487
-108, 40, 1653
-187, -129, 1635
-235, -354, 1671
-,-,-
407, 163, 124
485, 248, 49
445, 607, 3
445, 607, 3
470, 695, 15
368, 556, -32
258, 528, 170
135, 443, 452
135, 443, 452
-14, 292, 666
-153, 24, 713
-309, -437, 611
-394, -908, 377
-462, -1296, 332
-675, -1911, 242
-821, -1998, 207
-835, -1998, 180
-654, -1788, 296
-485, -1472, 601
-401, -1197, 718
-332, -755, 1092
-297, -425, 1376
-279, -265, 1639
-272, -195, 1865
-298, -175, 1985
-298, -175, 1985
-297, -174, 1998
-269, -143, 1998
-,-,-
491, 452, 328
491, 452, 328
417, 443, 226
355, 311, 88
271, 161, -27
188, 138, 74
188, 138, 74
127, 27, 297
41, -138, 526
-35, -368, 745
-199, -725, 817
-288, -1022, 808
-345, -1161, 724
-448, -1672, 593
-541, -1998, 395
-521, -1998, 302
-503, -1868, 304
-436, -1485, 405
-440, -1345, 353
-440, -1345, 353
-413, -1234, 414
-418, -1108, 680
-384, -737, 975
-304, -326, 1222
-161, -23, 1393
-79, 144, 1499
-104, 46, 1601
-194, -208, 1660
-,-,-
350, 62, 299
452, 204, 261
442, 349, 216
386, 381, 240
386, 381, 240
324, 424, 370
245, 301, 449
162, 241, 436
122, 202, 361
122, 202, 361
118, 124, 370
43, -176, 454
-108, -567, 558
-252, -882, 459
-289, -1208, 179
-302, -1473, -88
-314, -1667, -48
-405, -1964, -81
-475, -1974, -128
-531, -1825, -28
-580, -1692, -76
-612, -1493, -223
-556, -1352, 36
-448, -1104, 806
-293, -696, 1348
-193, -439, 1693
-210, -204, 1862
-311, -218, 1842
-385, -355, 1743
-364, -556, 1820
-265, -567, 1721
-166, -546, 1466
-,-,-
585, 195, 201
585, 195, 201
594, 291, 247
594, 442, 276
527, 551, 334
411, 574, 487
251, 417, 585
251, 417, 585
100, 337, 689
-54, 336, 575
-244, 380, 594
-404, 62, 763
-631, -696, 822
-631, -696, 822
-832, -1623, 719
-874, -1998, 510
-808, -1891, 643
-642, -1551, 860
-517, -1368, 882
-539, -1517, 750
-661, -1756, 567
-706, -1658, 559
-648, -1165, 771
-533, -693, 1096
-450, -489, 1075
-371, -199, 1291
-301, 69, 1438
-350, 97, 1635
-472, -46, 1960
-,-,-
482, 105, 19
513, 144, -17
418, 232, -216
418, 232, -216
340, 258, -250
240, 306, -106
211, 284, 197
104, 121, 609
-19, -25, 739
-101, -35, 758
-101, -35, 758
-112, 0, 928
-236, -306, 859
-392, -858, 596
-479, -1363, 562
-579, -1902, 496
-625, -1998, 514
-620, -1985, 503
-634, -1849, 521
-613, -1795, 364
-492, -1726, 56
-405, -1518, 187
-373, -1122, 790
-333, -727, 1126
-316, -573, 1286
-318, -443, 1468
-282, -325, 1627
-226, -290, 1854
-131, -254, 1766
-99, -321, 1527
-117, -376, 1437
-174, -609, 1517
-,-,-
349, 325, 85
390, 283, 20
266, 273, 206
175, 91, 484
175, 91, 484
40, -128, 569
-135, -165, 521
-317, -381, 637
-443, -805, 1088
-464, -986, 1056
-424, -971, 561
-377, -1149, 276
-480, -1527, 149
-619, -1948, 301
-761, -1998, 380
-836, -1978, 441
-848, -1739, 477
-800, -1507, 587
-697, -1119, 781
-697, -1119, 781
-617, -888, 886
-563, -751, 1017
-406, -414, 1343
-260, -55, 1615
-,-,-
443, 66, 357
443, 66, 357
502, 392, 378
478, 436, 275
324, 272, 98
173, 134, 324
173, 134, 324
72, 28, 542
-96, -49, 640
-149, -185, 932
-362, -755, 1318
-565, -1603, 893
-549, -1863, 234
-350, -1790, -64
-187, -1696, -66
-114, -1655, -47
-128, -1574, 58
-272, -1561, -63
-520, -1764, -322
-656, -1751, -79
-630, -1338, 261
-499, -744, 500
-499, -744, 500
-372, -284, 597
-159, 39, 917
-17, 208, 1369
5, 267, 1713
-91, 162, 1942
-241, -180, 1890
-329, -431, 1816
-380, -574, 1947
-455, -813, 1990
-,-,-
422, 319, 61
478, 269, 219
409, 330, 310
409, 330, 310
332, 318, 205
207, 338, 104
141, 316, 345
65, 197, 831
65, 197, 831
43, 10, 1039
-190, -544, 645
-311, -1141, 99
-326, -1573, -184
-380, -1977, -138
-385, -1960, -38
-388, -1867, 22
-357, -1667, 274
-344, -1480, 99
-376, -1532, 128
-466, -1526, 629
-413, -1133, 1019
-273, -696, 1385
-233, -383, 1564
-212, -221, 1597
-201, -226, 1795
-298, -363, 1998
-,-,-
504, -40, 169
562, 148, 270
546, 322, 246
372, 211, 79
233, 208, 131
233, 208, 131
130, 96, 573
43, 26, 749
25, 177, 706
25, 177, 706
3, 264, 820
-121, 83, 935
-237, -346, 1053
-326, -869, 638
-393, -1446, 239
-416, -1928, 252
-446, -1998, 203
-383, -1998, 31
-383, -1998, 31
-356, -1949, 97
-451, -1912, -41
-567, -1780, -259
-563, -1405, 2
-506, -939, 484
-367, -470, 936
-217, -337, 1163
-141, -251, 1355
-195, -163, 1565
-292, -268, 1716
-358, -493, 1682
-,-,-
434, 126, 66
478, 217, 66
451, 219, -21
432, 217, 85
383, 304, 171
383, 304, 171
334, 330, 383
240, 267, 569
119, 154, 493
35, -21, 397
35, -21, 397
-65, -331, 340
-103, -597, 310
-115, -667, 374
-170, -723, 455
-262, -993, 497
-371, -1465, 414
-409, -1783, 263
-430, -1955, 153
-490, -1998, 194
-536, -1998, 36
-534, -1907, -112
-490, -1626, -10
-422, -1368, 313
-297, -1014, 623
-190, -613, 925
-159, -256, 1349
-187, -186, 1778
-227, -265, 1826
-207, -410, 1599
-214, -519, 1574
-229, -554, 1446
-195, -561, 1481
-,-,-
440, 537, 189
445, 542, 107
314, 411, 100
184, 307, 282
45, 114, 363
45, 114, 363
-63, -248, 435
-105, -549, 587
-170, -769, 724
-154, -744, 811
-209, -903, 703
-301, -1294, 450
-365, -1732, 383
-382, -1979, 402
-392, -1954, 112
-425, -1785, -121
-480, -1718, -398
-539, -1660, -627
-565, -1508, -491
-621, -1390, 75
-584, -987, 697
-457, -419, 1621
-295, -2, 1998
-185, 82, 1998
-185, 82, 1998
-134, -222, 1824
-,-,-
508, 490, 246
588, 535, 86
482, 499, -26
482, 499, -26
340, 392, -8
252, 338, 167
182, 253, 426
95, 80, 635
95, 80, 635
22, -10, 825
-52, -225, 872
-165, -594, 655
-190, -850, 387
-190, -850, 387
-206, -1015, 170
-247, -1151, 157
-347, -1488, 219
-489, -1957, 67
-631, -1998, -290
-654, -1998, -438
-606, -1754, -310
-554, -1541, -134
-593, -1530, 168
-555, -1304, 639
-457, -736, 1244
-334, -137, 1867
-203, 189, 1998
-103, 249, 1998
-50, 45, 1823
-38, -162, 1719
-31, -236, 1664
3, -296, 1468
-12, -428, 1178
-,-,-
396, -133, 406
364, -209, 284
370, 5, 303
370, 5, 303
340, 109, 231
283, 42, 190
254, -36, 397
254, -36, 397
206, -114, 429
199, 55, 492
187, 145, 566
60, -245, 613
60, -245, 613
-89, -694, 746
-207, -914, 690
-270, -996, 551
-276, -1193, 503
-336, -1584, 413
-341, -1868, 308
-296, -1908, 277
-364, -1990, 169
-464, -1998, 25
-507, -1806, 312
-427, -1443, 630
-349, -1101, 688
-321, -906, 855
-301, -720, 1081
-264, -498, 1371
-199, -267, 1745
